Days,Stock Price
1,1
2,1
3,0
4,2
5,1
6,1
7,0
8,-2
9,-3
10,-3
11,-1
12,-1
13,0
14,0
15,0
16,-2
17,-3
18,-2
19,-1
20,0
21,-2
22,-3
23,-2
24,-3
25,-1
26,-1
27,-1
28,-1
29,-1
30,-1
31,-1
32,-3
33,-1
34,1
35,3
36,3
37,4
38,4
39,5
40,4
41,6
42,8
43,10
44,8
45,7
46,8
47,8
48,9
49,10
50,10
51,11
52,12
53,13
54,12
55,11
56,11
57,9
58,10
59,10
60,10
61,10
62,12
63,10
64,10
65,8
66,7
67,9
68,7
69,9
70,11
71,11
72,9
73,10
74,9
75,7
76,5
77,4
78,6
79,4
80,6
81,5
82,6
83,7
84,5
85,4
86,6
87,6
88,7
89,5
90,7
91,8
92,8
93,7
94,8
95,10
96,11
97,13
98,12
99,14
100,15
101,13
102,12
103,11
104,13
105,13
106,12
107,11
108,9
109,8
110,9
111,11
112,13
113,14
114,14
115,16
116,18
117,20
118,22
119,24
120,23
121,21
122,21
123,19
124,20
125,18
126,16
127,16
128,16
129,17
130,16
131,16
132,17
133,19
134,20
135,22
136,21
137,21
138,19
139,18
140,19
141,20
142,20
143,22
144,21
145,19
146,18
147,18
148,17
149,15
150,15
151,15
152,15
153,14
154,14
155,13
156,15
157,17
158,18
159,17
160,19
161,18
162,19
163,20
164,18
165,20
166,20
167,21
168,20
169,18
170,17
171,16
172,14
173,15
174,13
175,13
176,11
177,10
178,9
179,10
180,9
181,7
182,7
183,6
184,6
185,6
186,6
187,5
188,6
189,6
190,8
191,9
192,7
193,9
194,10
195,8
196,9
197,9
198,7
199,9
200,9
201,8
202,6
203,7
204,6
205,5
206,5
207,7
208,9
209,7
210,7
211,8
212,7
213,5
214,7
215,8
216,10
217,9
218,8
219,8
220,6
221,6
222,4
223,2
224,1
225,-1
226,-1
227,-3
228,-2
229,-2
230,0
231,0
232,-2
233,-2
234,-4
235,-3
236,-5
237,-3
238,-3
239,-1
240,-3
241,-3
242,-3
243,-2
244,0
245,-1
246,-2
247,-1
248,1
249,3
250,3
251,2
252,1
253,-1
254,0
255,2
256,0
257,-2
258,0
259,1
260,3
261,2
262,1
263,0
264,-2
265,-1
266,-1
267,-3
268,-5
269,-6
270,-4
271,-4
272,-3
273,-1
274,-3
275,-1
276,-1
277,0
278,0
279,2
280,2
281,2
282,0
283,-2
284,-2
285,-3
286,-4
287,-4
288,-5
289,-6
290,-5
291,-4
292,-2
293,-3
294,-1
295,-2
296,0
297,-1
298,-2
299,-3
300,-2
301,-2
302,-1
303,0
304,1
305,2
306,3
307,2
308,1
309,1
310,1
311,-1
312,1
313,1
314,1
315,2
316,3
317,5
318,4
319,4
320,4
321,3
322,1
323,2
324,2
325,1
326,3
327,4
328,2
329,0
330,-2
331,-4
332,-2
333,-1
334,0
335,1
336,3
337,4
338,6
339,6
340,5
341,4
342,2
343,2
344,0
345,0
346,-1
347,-2
348,-1
349,1
350,-1
351,-3
352,-5
353,-5
354,-4
355,-2
356,-1
357,-1
358,-1
359,-3
360,-1
361,1
362,-1
363,1
364,-1
365,-2
366,-2
367,0
368,2
369,3
370,2
371,2
372,1
373,2
374,0
375,1
376,0
377,1
378,0
379,2
380,4
381,3
382,3
383,5
384,6
385,4
386,2
387,2
388,0
389,0
390,0
391,-1
392,1
393,-1
394,-1
395,1
396,0
397,-1
398,0
399,-2
400,0
401,-1
402,-3
403,-3
404,-5
405,-7
406,-6
407,-5
408,-7
409,-5
410,-3
411,-1
412,-2
413,-3
414,-5
415,-3
416,-1
417,-3
418,-2
419,-3
420,-1
421,0
422,0
423,1
424,2
425,0
426,0
427,-1
428,-2
429,-2
430,-1
431,0
432,-1
433,0
434,0
435,-1
436,-3
437,-5
438,-6
439,-8
440,-10
441,-12
442,-10
443,-11
444,-11
445,-12
446,-12
447,-11
448,-12
449,-11
450,-9
451,-8
452,-9
453,-8
454,-7
455,-8
456,-10
457,-11
458,-9
459,-7
460,-9
461,-9
462,-9
463,-10
464,-11
465,-12
466,-10
467,-9
468,-9
469,-11
470,-9
471,-7
472,-8
473,-10
474,-10
475,-12
476,-12
477,-10
478,-12
479,-14
480,-12
481,-10
482,-9
483,-9
484,-7
485,-7
486,-9
487,-11
488,-13
489,-11
490,-9
491,-9
492,-9
493,-8
494,-6
495,-8
496,-9
497,-8
498,-7
499,-6
500,-7
501,-5
502,-3
503,-1
504,-3
505,-4
506,-5
507,-3
508,-2
509,-3
510,-1
511,-1
512,-1
513,-3
514,-5
515,-6
516,-4
517,-6
518,-5
519,-3
520,-3
521,-1
522,0
523,-1
524,-1
525,-1
526,-2
527,0
528,1
529,0
530,2
531,1
532,2
533,4
534,2
535,3
536,3
537,2
538,4
539,2
540,4
541,5
542,6
543,5
544,3
545,1
546,3
547,5
548,5
549,6
550,4
551,6
552,6
553,8
554,6
555,6
556,7
557,8
558,9
559,8
560,6
561,8
562,8
563,9
564,10
565,12
566,13
567,14
568,12
569,12
570,13
571,15
572,15
573,16
574,16
575,17
576,18
577,18
578,18
579,17
580,17
581,15
582,13
583,12
584,14
585,15
586,13
587,13
588,12
589,13
590,12
591,13
592,11
593,12
594,13
595,11
596,12
597,11
598,12
599,10
600,8
601,8
602,8
603,9
604,7
605,9
606,10
607,9
608,10
609,8
610,10
611,8
612,6
613,5
614,5
615,4
616,6
617,8
618,10
619,9
620,10
621,10
622,12
623,10
624,8
625,6
626,4
627,2
628,1
629,3
630,4
631,6
632,5
633,3
634,3
635,4
636,6
637,4
638,6
639,7
640,7
641,8
642,6
643,4
644,2
645,4
646,3
647,2
648,4
649,4
650,6
651,8
652,10
653,9
654,11
655,11
656,10
657,12
658,12
659,12
660,13
661,13
662,12
663,11
664,11
665,9
666,7
667,9
668,9
669,8
670,10
671,8
672,8
673,10
674,8
675,10
676,12
677,13
678,11
679,9
680,8
681,6
682,8
683,8
684,7
685,8
686,10
687,10
688,10
689,12
690,11
691,12
692,11
693,9
694,11
695,10
696,8
697,7
698,5
699,6
700,7
701,9
702,7
703,5
704,6
705,6
706,5
707,7
708,5
709,4
710,6
711,7
712,8
713,9
714,8
715,10
716,11
717,11
718,12
719,13
720,12
721,10
722,9
723,7
724,7
725,7
726,6
727,6
728,8
729,9
730,9
731,11
732,11
733,11
734,10
735,10
736,12
737,12
738,12
739,10
740,11
741,10
742,8
743,10
744,10
745,11
746,9
747,7
748,6
749,8
750,6
751,8
752,7
753,6
754,5
755,6
756,8
757,8
758,8
759,6
760,4
761,2
762,4
763,6
764,8
765,6
766,6
767,8
768,10
769,12
770,11
771,11
772,11
773,10
774,11
775,10
776,8
777,10
778,12
779,13
780,14
781,16
782,16
783,15
784,16
785,18
786,20
787,22
788,23
789,24
790,26
791,25
792,26
793,24
794,22
795,23
796,23
797,23
798,25
799,24
800,25
801,25
802,23
803,22
804,23
805,25
806,27
807,25
808,26
809,27
810,28
811,27
812,25
813,26
814,28
815,29
816,31
817,29
818,29
819,29
820,30
821,31
822,32
823,34
824,35
825,37
826,39
827,39
828,40
829,41
830,42
831,42
832,40
833,41
834,39
835,37
836,37
837,39
838,40
839,40
840,38
841,39
842,37
843,35
844,34
845,36
846,37
847,35
848,37
849,37
850,35
851,36
852,34
853,35
854,35
855,33
856,35
857,34
858,34
859,32
860,31
861,29
862,29
863,30
864,28
865,30
866,28
867,26
868,24
869,25
870,25
871,23
872,23
873,24
874,24
875,22
876,22
877,22
878,23
879,23
880,25
881,23
882,23
883,22
884,20
885,22
886,21
887,19
888,19
889,17
890,15
891,13
892,13
893,15
894,16
895,17
896,18
897,19
898,20
899,21
900,23
901,21
902,20
903,21
904,19
905,20
906,18
907,19
908,18
909,19
910,19
911,19
912,17
913,19
914,21
915,20
916,18
917,18
918,17
919,19
920,20
921,21
922,23
923,21
924,23
925,25
926,23
927,23
928,25
929,23
930,23
931,24
932,25
933,26
934,27
935,28
936,30
937,32
938,33
939,31
940,33
941,31
942,31
943,29
944,28
945,29
946,28
947,27
948,26
949,28
950,28
951,27
952,27
953,28
954,29
955,30
956,32
957,31
958,29
959,31
960,30
961,32
962,34
963,36
964,34
965,35
966,33
967,35
968,35
969,36
970,38
971,37
972,36
973,37
974,36
975,36
976,38
977,38
978,37
979,35
980,36
981,37
982,38
983,36
984,38
985,39
986,37
987,38
988,40
989,38
990,38
991,37
992,37
993,39
994,39
995,39
996,39
997,39
998,38
999,37
1000,36
1001,36
1002,36
1003,36
1004,36
1005,35
1006,34
1007,33
1008,31
1009,31
1010,32
1011,34
1012,35
1013,34
1014,33
1015,33
1016,31
1017,31
1018,31
1019,33
1020,35
1021,33
1022,33
1023,32
1024,34
1025,32
1026,33
1027,34
1028,34
1029,33
1030,35
1031,33
1032,34
1033,35
1034,37
1035,36
1036,38
1037,37
1038,37
1039,35
1040,33
1041,32
1042,34
1043,35
1044,37
1045,35
1046,35
1047,37
1048,37
1049,35
1050,34
1051,34
1052,34
1053,35
1054,33
1055,34
1056,32
1057,34
1058,33
1059,31
1060,31
1061,31
1062,29
1063,28
1064,26
1065,26
1066,28
1067,26
1068,27
1069,28
1070,28
1071,29
1072,28
1073,27
1074,29
1075,28
1076,29
1077,28
1078,28
1079,29
1080,30
1081,28
1082,26
1083,24
1084,23
1085,23
1086,21
1087,20
1088,19
1089,20
1090,19
1091,21
1092,19
1093,21
1094,21
1095,20
1096,19
1097,18
1098,19
1099,21
1100,20
1101,18
1102,20
1103,21
1104,22
1105,20
1106,22
1107,21
1108,23
1109,24
1110,26
1111,26
1112,28
1113,27
1114,25
1115,23
1116,25
1117,23
1118,22
1119,22
1120,24
1121,22
1122,21
1123,20
1124,22
1125,20
1126,20
1127,20
1128,21
1129,21
1130,22
1131,20
1132,20
1133,20
1134,21
1135,19
1136,20
1137,22
1138,24
1139,26
1140,26
1141,27
1142,26
1143,25
1144,23
1145,24
1146,23
1147,25
1148,27
1149,28
1150,27
1151,25
1152,23
1153,21
1154,20
1155,22
1156,22
1157,21
1158,22
1159,21
1160,19
1161,18
1162,17
1163,15
1164,16
1165,15
1166,15
1167,16
1168,14
1169,13
1170,13
1171,13
1172,11
1173,10
1174,12
1175,12
1176,14
1177,12
1178,13
1179,11
1180,9
1181,8
1182,8
1183,8
1184,9
1185,8
1186,9
1187,8
1188,10
1189,9
1190,11
1191,13
1192,13
1193,13
1194,15
1195,16
1196,17
1197,17
1198,18
1199,19
1200,17
1201,16
1202,16
1203,16
1204,18
1205,17
1206,19
1207,17
1208,19
1209,21
1210,20
1211,19
1212,18
1213,16
1214,18
1215,20
1216,19
1217,19
1218,19
1219,17
1220,19
1221,18
1222,16
1223,15
1224,16
1225,15
1226,14
1227,15
1228,16
1229,14
1230,15
1231,14
1232,13
1233,12
1234,13
1235,13
1236,15
1237,16
1238,16
1239,14
1240,16
1241,14
1242,14
1243,12
1244,11
1245,12
1246,12
1247,12
1248,12
1249,11
1250,9
1251,8
1252,6
1253,6
1254,4
1255,2
1256,3
1257,2
1258,4
1259,6
1260,5
1261,5
1262,3
1263,5
1264,3
1265,4
1266,5
1267,5
1268,6
1269,5
1270,5
1271,6
1272,7
1273,6
1274,4
1275,3
1276,2
1277,4
1278,3
1279,5
1280,4
1281,3
1282,3
1283,2
1284,3
1285,3
1286,2
1287,1
1288,0
1289,0
1290,0
1291,2
1292,2
1293,2
1294,4
1295,6
1296,7
1297,9
1298,8
1299,7
1300,7
1301,6
1302,5
1303,4
1304,6
1305,6
1306,6
1307,5
1308,4
1309,2
1310,0
1311,2
1312,1
1313,1
1314,-1
1315,-2
1316,-2
1317,0
1318,-2
1319,-4
1320,-5
1321,-5
1322,-3
1323,-5
1324,-5
1325,-7
1326,-9
1327,-11
1328,-13
1329,-14
1330,-15
1331,-15
1332,-15
1333,-14
1334,-16
1335,-16
1336,-16
1337,-18
1338,-20
1339,-19
1340,-21
1341,-23
1342,-22
1343,-22
1344,-20
1345,-22
1346,-24
1347,-23
1348,-24
1349,-26
1350,-25
1351,-27
1352,-26
1353,-28
1354,-30
1355,-32
1356,-32
1357,-34
1358,-36
1359,-36
1360,-36
1361,-35
1362,-35
1363,-36
1364,-35
1365,-33
1366,-32
1367,-34
1368,-32
1369,-34
1370,-32
1371,-32
1372,-34
1373,-32
1374,-33
1375,-33
1376,-34
1377,-35
1378,-35
1379,-34
1380,-34
1381,-35
1382,-34
1383,-34
1384,-33
1385,-32
1386,-32
1387,-34
1388,-32
1389,-30
1390,-32
1391,-31
1392,-29
1393,-27
1394,-25
1395,-24
1396,-23
1397,-25
1398,-24
1399,-26
1400,-28
1401,-26
1402,-26
1403,-25
1404,-27
1405,-26
1406,-28
1407,-28
1408,-26
1409,-26
1410,-26
1411,-25
1412,-27
1413,-27
1414,-29
1415,-31
1416,-31
1417,-29
1418,-30
1419,-29
1420,-31
1421,-30
1422,-31
1423,-33
1424,-33
1425,-34
1426,-33
1427,-35
1428,-34
1429,-33
1430,-33
1431,-32
1432,-31
1433,-29
1434,-30
1435,-32
1436,-32
1437,-31
1438,-29
1439,-27
1440,-26
1441,-25
1442,-25
1443,-27
1444,-29
1445,-31
1446,-32
1447,-31
1448,-29
1449,-29
1450,-30
1451,-32
1452,-34
1453,-36
1454,-38
1455,-36
1456,-35
1457,-37
1458,-35
1459,-36
1460,-35
1461,-35
1462,-33
1463,-32
1464,-31
1465,-30
1466,-31
1467,-30
1468,-29
1469,-31
1470,-31
1471,-32
1472,-30
1473,-31
1474,-31
1475,-29
1476,-30
1477,-32
1478,-30
1479,-31
1480,-29
1481,-28
1482,-27
1483,-28
1484,-30
1485,-29
1486,-31
1487,-30
1488,-32
1489,-30
1490,-28
1491,-30
1492,-29
1493,-31
1494,-29
1495,-27
1496,-29
1497,-29
1498,-29
1499,-27
1500,-27
1501,-25
1502,-25
1503,-26
1504,-26
1505,-27
1506,-26
1507,-24
1508,-25
1509,-23
1510,-25
1511,-27
1512,-25
1513,-24
1514,-25
1515,-23
1516,-22
1517,-23
1518,-23
1519,-25
1520,-24
1521,-23
1522,-25
1523,-24
1524,-22
1525,-23
1526,-23
1527,-21
1528,-20
1529,-21
1530,-23
1531,-24
1532,-26
1533,-25
1534,-23
1535,-25
1536,-26
1537,-24
1538,-22
1539,-21
1540,-19
1541,-20
1542,-22
1543,-24
1544,-25
1545,-23
1546,-25
1547,-26
1548,-26
1549,-24
1550,-25
1551,-25
1552,-24
1553,-25
1554,-24
1555,-22
1556,-21
1557,-21
1558,-20
1559,-21
1560,-19
1561,-20
1562,-18
1563,-19
1564,-20
1565,-18
1566,-19
1567,-19
1568,-18
1569,-20
1570,-20
1571,-18
1572,-17
1573,-19
1574,-21
1575,-19
1576,-17
1577,-17
1578,-19
1579,-18
1580,-17
1581,-18
1582,-17
1583,-18
1584,-20
1585,-21
1586,-23
1587,-22
1588,-21
1589,-22
1590,-23
1591,-21
1592,-19
1593,-20
1594,-21
1595,-23
1596,-25
1597,-25
1598,-25
1599,-27
1600,-29
1601,-29
1602,-29
1603,-28
1604,-28
1605,-26
1606,-25
1607,-24
1608,-25
1609,-27
1610,-26
1611,-24
1612,-24
1613,-25
1614,-24
1615,-24
1616,-22
1617,-24
1618,-24
1619,-26
1620,-25
1621,-24
1622,-22
1623,-22
1624,-20
1625,-22
1626,-20
1627,-21
1628,-23
1629,-21
1630,-19
1631,-21
1632,-22
1633,-23
1634,-25
1635,-27
1636,-29
1637,-28
1638,-27
1639,-26
1640,-24
1641,-25
1642,-23
1643,-22
1644,-24
1645,-24
1646,-24
1647,-22
1648,-24
1649,-25
1650,-23
1651,-25
1652,-23
1653,-21
1654,-20
1655,-21
1656,-22
1657,-20
1658,-18
1659,-19
1660,-18
1661,-17
1662,-16
1663,-14
1664,-12
1665,-10
1666,-8
1667,-6
1668,-4
1669,-2
1670,0
1671,-2
1672,-3
1673,-1
1674,-3
1675,-2
1676,-1
1677,1
1678,3
1679,4
1680,2
1681,4
1682,3
1683,1
1684,-1
1685,-2
1686,-1
1687,0
1688,-2
1689,-2
1690,-2
1691,0
1692,-1
1693,-3
1694,-2
1695,-2
1696,-3
1697,-2
1698,0
1699,-1
1700,-1
1701,0
1702,1
1703,-1
1704,-1
1705,1
1706,-1
1707,-2
1708,-1
1709,-3
1710,-4
1711,-2
1712,-3
1713,-1
1714,-2
1715,-3
1716,-5
1717,-3
1718,-1
1719,-2
1720,-1
1721,-2
1722,-4
1723,-2
1724,0
1725,1
1726,1
1727,1
1728,2
1729,3
1730,4
1731,5
1732,4
1733,6
1734,4
1735,6
1736,7
1737,6
1738,6
1739,7
1740,6
1741,4
1742,6
1743,8
1744,6
1745,4
1746,2
1747,2
1748,1
1749,0
1750,1
1751,-1
1752,-3
1753,-2
1754,-3
1755,-4
1756,-2
1757,-4
1758,-3
1759,-1
1760,0
1761,2
1762,2
1763,2
1764,3
1765,1
1766,2
1767,3
1768,2
1769,0
1770,-1
1771,1
1772,1
1773,0
1774,1
1775,3
1776,4
1777,2
1778,2
1779,2
1780,3
1781,3
1782,5
1783,6
1784,7
1785,5
1786,4
1787,4
1788,5
1789,3
1790,2
1791,3
1792,5
1793,4
1794,2
1795,4
1796,3
1797,4
1798,4
1799,6
1800,4
1801,5
1802,3
1803,4
1804,3
1805,1
1806,3
1807,3
1808,1
1809,2
1810,4
1811,2
1812,3
1813,4
1814,3
1815,2
1816,0
1817,0
1818,1
1819,2
1820,4
1821,3
1822,3
1823,4
1824,6
1825,6
1826,8
1827,6
1828,5
1829,4
1830,3
1831,4
1832,4
1833,3
1834,2
1835,3
1836,2
1837,3
1838,3
1839,4
1840,5
1841,4
1842,6
1843,5
1844,7
1845,5
1846,5
1847,5
1848,7
1849,7
1850,5
1851,7
1852,9
1853,11
1854,11
1855,9
1856,11
1857,11
1858,12
1859,12
1860,10
1861,12
1862,10
1863,10
1864,11
1865,13
1866,14
1867,13
1868,13
1869,11
1870,9
1871,7
1872,7
1873,6
1874,8
1875,9
1876,8
1877,7
1878,5
1879,3
1880,2
1881,3
1882,5
1883,3
1884,3
1885,5
1886,5
1887,4
1888,5
1889,3
1890,4
1891,2
1892,0
1893,2
1894,3
1895,4
1896,5
1897,4
1898,6
1899,6
1900,7
1901,6
1902,8
1903,8
1904,8
1905,9
1906,8
1907,6
1908,6
1909,7
1910,8
1911,9
1912,10
1913,12
1914,10
1915,9
1916,7
1917,7
1918,9
1919,7
1920,8
1921,6
1922,5
1923,3
1924,2
1925,4
1926,2
1927,1
1928,1
1929,0
1930,1
1931,-1
1932,0
1933,2
1934,3
1935,3
1936,1
1937,0
1938,1
1939,1
1940,0
1941,1
1942,1
1943,-1
1944,-1
1945,1
1946,2
1947,0
1948,-1
1949,1
1950,-1
1951,-2
1952,0
1953,-1
1954,0
1955,0
1956,-2
1957,-1
1958,0
1959,2
1960,0
1961,1
1962,1
1963,-1
1964,0
1965,0
1966,0
1967,1
1968,-1
1969,-1
1970,-1
1971,-2
1972,-4
1973,-2
1974,-1
1975,-3
1976,-2
1977,-3
1978,-5
1979,-6
1980,-7
1981,-9
1982,-11
1983,-11
1984,-11
1985,-10
1986,-12
1987,-10
1988,-10
1989,-9
1990,-7
1991,-5
1992,-5
1993,-4
1994,-2
1995,-2
1996,-4
1997,-5
1998,-7
1999,-9
2000,-10
2001,-8
2002,-7
2003,-8
2004,-7
2005,-7
2006,-8
2007,-7
2008,-6
2009,-5
2010,-6
2011,-7
2012,-5
2013,-6
2014,-7
2015,-6
2016,-8
2017,-9
2018,-7
2019,-5
2020,-6
2021,-8
2022,-7
2023,-9
2024,-8
2025,-6
2026,-6
2027,-5
2028,-5
2029,-3
2030,-5
2031,-4
2032,-3
2033,-1
2034,-3
2035,-4
2036,-5
2037,-4
2038,-5
2039,-6
2040,-4
2041,-3
2042,-5
2043,-4
2044,-2
2045,-3
2046,-2
2047,-3
2048,-1
2049,-1
2050,-1
2051,-3
2052,-2
2053,-4
2054,-5
2055,-4
2056,-5
2057,-4
2058,-2
2059,0
2060,1
2061,3
2062,3
2063,2
2064,0
2065,2
2066,0
2067,-1
2068,0
2069,1
2070,-1
2071,-1
2072,0
2073,0
2074,0
2075,1
2076,2
2077,2
2078,1
2079,3
2080,5
2081,7
2082,9
2083,11
2084,10
2085,8
2086,6
2087,7
2088,6
2089,8
2090,8
2091,7
2092,8
2093,7
2094,9
2095,11
2096,10
2097,9
2098,9
2099,8
2100,6
2101,8
2102,9
2103,10
2104,9
2105,9
2106,10
2107,9
2108,11
2109,11
2110,9
2111,7
2112,6
2113,6
2114,6
2115,8
2116,10
2117,10
2118,10
2119,8
2120,7
2121,6
2122,5
2123,4
2124,2
2125,3
2126,3
2127,2
2128,4
2129,4
2130,4
2131,3
2132,2
2133,2
2134,0
2135,-2
2136,-3
2137,-5
2138,-4
2139,-4
2140,-4
2141,-5
2142,-3
2143,-5
2144,-4
2145,-5
2146,-7
2147,-7
2148,-9
2149,-7
2150,-9
2151,-8
2152,-7
2153,-6
2154,-6
2155,-5
2156,-6
2157,-4
2158,-5
2159,-6
2160,-5
2161,-4
2162,-4
2163,-6
2164,-6
2165,-4
2166,-4
2167,-3
2168,-3
2169,-3
2170,-5
2171,-3
2172,-2
2173,0
2174,0
2175,1
2176,2
2177,4
2178,3
2179,1
2180,-1
2181,0
2182,2
2183,0
2184,-1
2185,-2
2186,-4
2187,-3
2188,-3
2189,-4
2190,-5
2191,-6
2192,-7
2193,-9
2194,-8
2195,-7
2196,-9
2197,-9
2198,-10
2199,-10
2200,-8
2201,-7
2202,-6
2203,-8
2204,-10
2205,-10
2206,-9
2207,-8
2208,-7
2209,-8
2210,-7
2211,-5
2212,-3
2213,-1
2214,1
2215,0
2216,0
2217,-2
2218,-3
2219,-5
2220,-6
2221,-6
2222,-5
2223,-7
2224,-5
2225,-6
2226,-5
2227,-3
2228,-5
2229,-5
2230,-4
2231,-5
2232,-5
2233,-3
2234,-4
2235,-4
2236,-3
2237,-3
2238,-5
2239,-5
2240,-4
2241,-5
2242,-6
2243,-8
2244,-10
2245,-10
2246,-11
2247,-10
2248,-10
2249,-8
2250,-10
2251,-11
2252,-10
2253,-9
2254,-8
2255,-8
2256,-9
2257,-10
2258,-8
2259,-7
2260,-9
2261,-7
2262,-5
2263,-4
2264,-6
2265,-7
2266,-7
2267,-5
2268,-4
2269,-6
2270,-7
2271,-6
2272,-7
2273,-5
2274,-4
2275,-3
2276,-4
2277,-5
2278,-4
2279,-5
2280,-7
2281,-6
2282,-4
2283,-6
2284,-5
2285,-5
2286,-4
2287,-5
2288,-7
2289,-5
2290,-3
2291,-4
2292,-3
2293,-4
2294,-5
2295,-3
2296,-1
2297,0
2298,-2
2299,-2
2300,-1
2301,-2
2302,-2
2303,-3
2304,-3
2305,-4
2306,-6
2307,-5
2308,-5
2309,-4
2310,-5
2311,-7
2312,-5
2313,-7
2314,-9
2315,-7
2316,-5
2317,-7
2318,-6
2319,-6
2320,-7
2321,-7
2322,-9
2323,-11
2324,-13
2325,-14
2326,-15
2327,-13
2328,-14
2329,-13
2330,-14
2331,-16
2332,-14
2333,-15
2334,-14
2335,-13
2336,-13
2337,-12
2338,-13
2339,-14
2340,-12
2341,-14
2342,-13
2343,-15
2344,-15
2345,-16
2346,-17
2347,-17
2348,-18
2349,-16
2350,-17
2351,-16
2352,-16
2353,-17
2354,-19
2355,-19
2356,-19
2357,-18
2358,-18
2359,-17
2360,-18
2361,-20
2362,-22
2363,-22
2364,-21
2365,-19
2366,-21
2367,-23
2368,-21
2369,-20
2370,-18
2371,-20
2372,-19
2373,-19
2374,-21
2375,-20
2376,-22
2377,-22
2378,-24
2379,-22
2380,-23
2381,-24
2382,-22
2383,-24
2384,-24
2385,-22
2386,-24
2387,-25
2388,-23
2389,-21
2390,-22
2391,-22
2392,-23
2393,-21
2394,-19
2395,-21
2396,-23
2397,-24
2398,-24
2399,-22
2400,-23
2401,-22
2402,-24
2403,-24
2404,-23
2405,-23
2406,-25
2407,-24
2408,-25
2409,-27
2410,-27
2411,-29
2412,-28
2413,-29
2414,-29
2415,-29
2416,-29
2417,-27
2418,-29
2419,-30
2420,-29
2421,-28
2422,-30
2423,-30
2424,-30
2425,-31
2426,-29
2427,-29
2428,-29
2429,-28
2430,-26
2431,-24
2432,-24
2433,-25
2434,-24
2435,-26
2436,-25
2437,-24
2438,-26
2439,-26
2440,-28
2441,-27
2442,-27
2443,-26
2444,-24
2445,-25
2446,-25
2447,-23
2448,-24
2449,-22
2450,-22
2451,-23
2452,-23
2453,-22
2454,-21
2455,-23
2456,-21
2457,-21
2458,-19
2459,-19
2460,-20
2461,-19
2462,-18
2463,-20
2464,-18
2465,-17
2466,-17
2467,-19
2468,-20
2469,-20
2470,-18
2471,-19
2472,-21
2473,-22
2474,-23
2475,-23
2476,-21
2477,-23
2478,-24
2479,-26
2480,-24
2481,-26
2482,-26
2483,-27
2484,-26
2485,-28
2486,-27
2487,-26
2488,-28
2489,-27
2490,-27
2491,-26
2492,-27
2493,-27
2494,-29
2495,-28
2496,-30
2497,-30
2498,-29
2499,-30
2500,-28
2501,-28
2502,-26
2503,-26
2504,-28
2505,-30
2506,-28
2507,-26
2508,-28
2509,-28
2510,-28
2511,-29
2512,-29
2513,-27
2514,-27
2515,-26
2516,-27
2517,-28
2518,-29
2519,-30
2520,-31
2521,-33
2522,-34
2523,-34
2524,-34
2525,-35
2526,-35
2527,-35
2528,-34
2529,-34
2530,-36
2531,-38
2532,-39
2533,-37
2534,-37
2535,-38
2536,-39
2537,-40
2538,-39
2539,-38
2540,-40
2541,-42
2542,-40
2543,-38
2544,-39
2545,-40
2546,-40
2547,-40
2548,-38
2549,-40
2550,-41
2551,-43
2552,-45
2553,-43
2554,-45
2555,-45
2556,-46
2557,-44
2558,-45
2559,-46
2560,-46
2561,-45
2562,-46
2563,-45
2564,-43
2565,-42
2566,-42
2567,-44
2568,-45
2569,-47
2570,-46
2571,-45
2572,-45
2573,-45
2574,-44
2575,-43
2576,-44
2577,-44
2578,-44
2579,-44
2580,-43
2581,-42
2582,-44
2583,-46
2584,-45
2585,-45
2586,-47
2587,-48
2588,-49
2589,-50
2590,-50
2591,-49
2592,-49
2593,-50
2594,-50
2595,-51
2596,-52
2597,-50
2598,-48
2599,-47
2600,-48
2601,-46
2602,-45
2603,-47
2604,-47
2605,-46
2606,-48
2607,-50
2608,-51
2609,-51
2610,-51
2611,-52
2612,-51
2613,-49
2614,-50
2615,-49
2616,-50
2617,-51
2618,-49
2619,-48
2620,-50
2621,-49
2622,-48
2623,-46
2624,-44
2625,-46
2626,-48
2627,-49
2628,-50
2629,-51
2630,-52
2631,-50
2632,-51
2633,-49
2634,-47
2635,-49
2636,-48
2637,-49
2638,-49
2639,-50
2640,-48
2641,-49
2642,-47
2643,-45
2644,-46
2645,-46
2646,-46
2647,-46
2648,-47
2649,-48
2650,-48
2651,-49
2652,-50
2653,-51
2654,-51
2655,-50
2656,-49
2657,-47
2658,-48
2659,-50
2660,-51
2661,-51
2662,-52
2663,-50
2664,-49
2665,-48
2666,-46
2667,-45
2668,-43
2669,-44
2670,-45
2671,-47
2672,-47
2673,-49
2674,-47
2675,-49
2676,-48
2677,-49
2678,-48
2679,-46
2680,-44
2681,-46
2682,-46
2683,-45
2684,-44
2685,-45
2686,-46
2687,-46
2688,-48
2689,-48
2690,-48
2691,-49
2692,-50
2693,-52
2694,-54
2695,-55
2696,-54
2697,-55
2698,-57
2699,-56
2700,-56
2701,-57
2702,-56
2703,-56
2704,-54
2705,-56
2706,-56
2707,-54
2708,-55
2709,-55
2710,-57
2711,-56
2712,-58
2713,-56
2714,-55
2715,-54
2716,-56
2717,-54
2718,-56
2719,-58
2720,-57
2721,-55
2722,-55
2723,-53
2724,-55
2725,-53
2726,-55
2727,-57
2728,-56
2729,-56
2730,-55
2731,-57
2732,-58
2733,-56
2734,-54
2735,-56
2736,-54
2737,-52
2738,-53
2739,-55
2740,-56
2741,-57
2742,-59
2743,-60
2744,-62
2745,-61
2746,-61
2747,-63
2748,-61
2749,-59
2750,-61
2751,-61
2752,-59
2753,-57
2754,-58
2755,-59
2756,-60
2757,-58
2758,-59
2759,-57
2760,-58
2761,-58
2762,-59
2763,-59
2764,-60
2765,-59
2766,-57
2767,-59
2768,-59
2769,-61
2770,-61
2771,-60
2772,-61
2773,-60
2774,-60
2775,-61
2776,-60
2777,-61
2778,-60
2779,-59
2780,-61
2781,-62
2782,-62
2783,-63
2784,-65
2785,-63
2786,-63
2787,-62
2788,-64
2789,-65
2790,-65
2791,-66
2792,-68
2793,-69
2794,-67
2795,-68
2796,-66
2797,-68
2798,-69
2799,-70
2800,-71
2801,-70
2802,-71
2803,-71
2804,-70
2805,-72
2806,-73
2807,-71
2808,-72
2809,-70
2810,-68
2811,-68
2812,-70
2813,-71
2814,-70
2815,-69
2816,-69
2817,-68
2818,-69
2819,-69
2820,-70
2821,-71
2822,-72
2823,-73
2824,-73
2825,-73
2826,-73
2827,-72
2828,-72
2829,-74
2830,-72
2831,-71
2832,-73
2833,-73
2834,-72
2835,-70
2836,-69
2837,-67
2838,-69
2839,-67
2840,-69
2841,-67
2842,-68
2843,-67
2844,-67
2845,-67
2846,-68
2847,-68
2848,-70
2849,-68
2850,-69
2851,-70
2852,-70
2853,-70
2854,-68
2855,-66
2856,-64
2857,-65
2858,-65
2859,-63
2860,-64
2861,-63
2862,-63
2863,-64
2864,-65
2865,-65
2866,-65
2867,-63
2868,-64
2869,-62
2870,-64
2871,-62
2872,-61
2873,-61
2874,-61
2875,-60
2876,-58
2877,-60
2878,-62
2879,-63
2880,-64
2881,-65
2882,-63
2883,-61
2884,-62
2885,-61
2886,-63
2887,-63
2888,-64
2889,-66
2890,-67
2891,-67
2892,-66
2893,-67
2894,-69
2895,-70
2896,-69
2897,-71
2898,-73
2899,-73
2900,-71
2901,-72
2902,-71
2903,-73
2904,-75
2905,-77
2906,-76
2907,-77
2908,-77
2909,-79
2910,-77
2911,-76
2912,-75
2913,-74
2914,-74
2915,-75
2916,-74
2917,-73
2918,-71
2919,-69
2920,-68
2921,-70
2922,-69
2923,-68
2924,-67
2925,-66
2926,-68
2927,-66
2928,-68
2929,-68
2930,-69
2931,-71
2932,-73
2933,-74
2934,-76
2935,-76
2936,-77
2937,-79
2938,-81
2939,-80
2940,-80
2941,-78
2942,-77
2943,-77
2944,-75
2945,-76
2946,-74
2947,-74
2948,-75
2949,-74
2950,-73
2951,-74
2952,-76
2953,-77
2954,-75
2955,-73
2956,-73
2957,-74
2958,-73
2959,-73
2960,-74
2961,-75
2962,-73
2963,-74
2964,-74
2965,-75
2966,-76
2967,-78
2968,-79
2969,-80
2970,-82
2971,-84
2972,-85
2973,-84
2974,-83
2975,-85
2976,-86
2977,-86
2978,-88
2979,-88
2980,-88
2981,-90
2982,-89
2983,-89
2984,-89
2985,-91
2986,-90
2987,-91
2988,-92
2989,-91
2990,-93
2991,-93
2992,-94
2993,-96
2994,-97
2995,-99
2996,-100
2997,-100
2998,-102
2999,-104
3000,-103
3001,-103
3002,-103
3003,-104
3004,-103
3005,-105
3006,-103
3007,-101
3008,-99
3009,-97
3010,-97
3011,-96
3012,-94
3013,-94
3014,-93
3015,-92
3016,-92
3017,-93
3018,-94
3019,-95
3020,-95
3021,-95
3022,-94
3023,-93
3024,-93
3025,-91
3026,-92
3027,-94
3028,-93
3029,-94
3030,-94
3031,-94
3032,-95
3033,-97
3034,-96
3035,-94
3036,-94
3037,-92
3038,-91
3039,-89
3040,-88
3041,-88
3042,-88
3043,-90
3044,-90
3045,-92
3046,-94
3047,-92
3048,-90
3049,-90
3050,-92
3051,-93
3052,-94
3053,-95
3054,-96
3055,-95
3056,-95
3057,-95
3058,-97
3059,-98
3060,-99
3061,-98
3062,-100
3063,-100
3064,-102
3065,-101
3066,-100
3067,-100
3068,-99
3069,-98
3070,-97
3071,-96
3072,-97
3073,-98
3074,-100
3075,-99
3076,-98
3077,-97
3078,-95
3079,-95
3080,-95
3081,-97
3082,-99
3083,-98
3084,-97
3085,-97
3086,-96
3087,-98
3088,-99
3089,-98
3090,-99
3091,-99
3092,-98
3093,-99
3094,-100
3095,-102
3096,-102
3097,-100
3098,-102
3099,-102
3100,-101
3101,-100
3102,-100
3103,-101
3104,-102
3105,-104
3106,-105
3107,-107
3108,-106
3109,-108
3110,-106
3111,-108
3112,-108
3113,-108
3114,-107
3115,-109
3116,-107
3117,-106
3118,-107
3119,-107
3120,-108
3121,-108
3122,-110
3123,-110
3124,-111
3125,-110
3126,-110
3127,-109
3128,-108
3129,-108
3130,-108
3131,-107
3132,-106
3133,-104
3134,-102
3135,-100
3136,-98
3137,-100
3138,-101
3139,-99
3140,-99
3141,-100
3142,-98
3143,-100
3144,-99
3145,-97
3146,-99
3147,-97
3148,-97
3149,-98
3150,-97
3151,-98
3152,-99
3153,-98
3154,-97
3155,-95
3156,-93
3157,-93
3158,-93
3159,-91
3160,-91
3161,-89
3162,-89
3163,-91
3164,-93
3165,-92
3166,-90
3167,-92
3168,-94
3169,-93
3170,-91
3171,-91
3172,-89
3173,-90
3174,-88
3175,-86
3176,-86
3177,-88
3178,-90
3179,-92
3180,-91
3181,-90
3182,-91
3183,-92
3184,-90
3185,-91
3186,-93
3187,-92
3188,-91
3189,-89
3190,-89
3191,-91
3192,-93
3193,-94
3194,-96
3195,-97
3196,-98
3197,-98
3198,-97
3199,-98
3200,-100
3201,-98
3202,-100
3203,-101
3204,-101
3205,-103
3206,-103
3207,-105
3208,-105
3209,-105
3210,-107
3211,-107
3212,-107
3213,-106
3214,-104
3215,-105
3216,-106
3217,-107
3218,-108
3219,-106
3220,-105
3221,-107
3222,-107
3223,-106
3224,-107
3225,-105
3226,-106
3227,-104
3228,-105
3229,-103
3230,-105
3231,-104
3232,-105
3233,-104
3234,-102
3235,-101
3236,-103
3237,-102
3238,-104
3239,-104
3240,-106
3241,-106
3242,-107
3243,-109
3244,-111
3245,-111
3246,-112
3247,-113
3248,-111
3249,-113
3250,-112
3251,-112
3252,-114
3253,-116
3254,-116
3255,-114
3256,-112
3257,-110
3258,-109
3259,-108
3260,-110
3261,-111
3262,-110
3263,-111
3264,-109
3265,-111
3266,-111
3267,-109
3268,-108
3269,-106
3270,-105
3271,-106
3272,-106
3273,-104
3274,-105
3275,-105
3276,-105
3277,-103
3278,-104
3279,-103
3280,-101
3281,-99
3282,-101
3283,-101
3284,-102
3285,-102
3286,-103
3287,-103
3288,-102
3289,-103
3290,-105
3291,-103
3292,-103
3293,-104
3294,-104
3295,-103
3296,-104
3297,-105
3298,-105
3299,-103
3300,-104
3301,-104
3302,-106
3303,-105
3304,-103
3305,-104
3306,-104
3307,-105
3308,-106
3309,-105
3310,-106
3311,-106
3312,-104
3313,-103
3314,-101
3315,-101
3316,-101
3317,-101
3318,-103
3319,-104
3320,-102
3321,-102
3322,-104
3323,-105
3324,-104
3325,-102
3326,-104
3327,-102
3328,-103
3329,-101
3330,-99
3331,-99
3332,-97
3333,-98
3334,-98
3335,-97
3336,-96
3337,-94
3338,-95
3339,-96
3340,-98
3341,-98
3342,-97
3343,-95
3344,-95
3345,-97
3346,-97
3347,-95
3348,-95
3349,-93
3350,-95
3351,-94
3352,-95
3353,-95
3354,-97
3355,-99
3356,-99
3357,-99
3358,-100
3359,-102
3360,-101
3361,-103
3362,-101
3363,-101
3364,-101
3365,-102
3366,-102
3367,-102
3368,-104
3369,-103
3370,-105
3371,-107
3372,-107
3373,-109
3374,-109
3375,-107
3376,-109
3377,-110
3378,-108
3379,-110
3380,-112
3381,-113
3382,-112
3383,-113
3384,-111
3385,-113
3386,-112
3387,-111
3388,-109
3389,-111
3390,-110
3391,-109
3392,-109
3393,-107
3394,-107
3395,-108
3396,-110
3397,-112
3398,-111
3399,-111
3400,-113
3401,-112
3402,-114
3403,-116
3404,-117
3405,-117
3406,-118
3407,-119
3408,-121
3409,-121
3410,-120
3411,-122
3412,-120
3413,-120
3414,-119
3415,-121
3416,-119
3417,-119
3418,-121
3419,-119
3420,-117
3421,-119
3422,-117
3423,-118
3424,-116
3425,-117
3426,-116
3427,-117
3428,-116
3429,-115
3430,-114
3431,-115
3432,-113
3433,-112
3434,-113
3435,-115
3436,-115
3437,-115
3438,-116
3439,-116
3440,-118
3441,-118
3442,-116
3443,-117
3444,-115
3445,-114
3446,-113
3447,-112
3448,-112
3449,-111
3450,-109
3451,-110
3452,-112
3453,-111
3454,-109
3455,-107
3456,-109
3457,-109
3458,-111
3459,-113
3460,-114
3461,-116
3462,-117
3463,-119
3464,-117
3465,-117
3466,-117
3467,-116
3468,-116
3469,-118
3470,-117
3471,-115
3472,-115
3473,-115
3474,-115
3475,-116
3476,-116
3477,-118
3478,-118
3479,-119
3480,-121
3481,-122
3482,-122
3483,-124
3484,-124
3485,-122
3486,-123
3487,-121
3488,-122
3489,-121
3490,-119
3491,-117
3492,-116
3493,-117
3494,-118
3495,-118
3496,-120
3497,-119
3498,-118
3499,-116
3500,-114
3501,-115
3502,-114
3503,-115
3504,-117
3505,-117
3506,-119
3507,-118
3508,-116
3509,-114
3510,-115
3511,-113
3512,-113
3513,-111
3514,-112
3515,-110
3516,-109
3517,-109
3518,-108
3519,-109
3520,-109
3521,-108
3522,-107
3523,-108
3524,-109
3525,-107
3526,-109
3527,-110
3528,-112
3529,-111
3530,-112
3531,-113
3532,-114
3533,-115
3534,-115
3535,-115
3536,-116
3537,-114
3538,-114
3539,-116
3540,-115
3541,-114
3542,-116
3543,-117
3544,-115
3545,-114
3546,-114
3547,-112
3548,-111
3549,-110
3550,-111
3551,-113
3552,-114
3553,-115
3554,-116
3555,-116
3556,-118
3557,-116
3558,-118
3559,-118
3560,-118
3561,-117
3562,-116
3563,-114
3564,-116
3565,-117
3566,-116
3567,-117
3568,-117
3569,-119
3570,-118
3571,-119
3572,-121
3573,-120
3574,-118
3575,-120
3576,-118
3577,-117
3578,-115
3579,-115
3580,-116
3581,-116
3582,-114
3583,-112
3584,-111
3585,-112
3586,-111
3587,-112
3588,-114
3589,-112
3590,-111
3591,-109
3592,-109
3593,-109
3594,-111
3595,-109
3596,-111
3597,-110
3598,-110
3599,-108
3600,-110
3601,-111
3602,-111
3603,-110
3604,-111
3605,-110
3606,-109
3607,-109
3608,-109
3609,-107
3610,-108
3611,-107
3612,-105
3613,-106
3614,-108
3615,-106
3616,-106
3617,-105
3618,-105
3619,-103
3620,-101
3621,-102
3622,-104
3623,-102
3624,-104
3625,-105
3626,-107
3627,-107
3628,-108
3629,-107
3630,-108
3631,-106
3632,-107
3633,-105
3634,-105
3635,-103
3636,-103
3637,-103
3638,-101
3639,-102
3640,-101
3641,-103
3642,-105
3643,-103
3644,-104
3645,-104
3646,-102
3647,-104
3648,-106
3649,-107
3650,-105
