Days,Stock Price
1,2
2,4
3,5
4,5
5,5
6,4
7,2
8,0
9,2
10,1
11,3
12,2
13,4
14,3
15,1
16,-1
17,1
18,0
19,-1
20,-1
21,1
22,2
23,1
24,3
25,1
26,3
27,2
28,3
29,5
30,5
31,7
32,5
33,4
34,4
35,4
36,2
37,1
38,-1
39,-3
40,-3
41,-2
42,-2
43,0
44,0
45,1
46,0
47,0
48,2
49,2
50,0
51,0
52,0
53,1
54,-1
55,0
56,-1
57,1
58,3
59,5
60,3
61,3
62,4
63,4
64,2
65,3
66,3
67,2
68,4
69,4
70,5
71,4
72,2
73,2
74,2
75,4
76,2
77,3
78,2
79,2
80,1
81,0
82,2
83,0
84,-1
85,-2
86,-1
87,-1
88,-1
89,-3
90,-2
91,-2
92,-2
93,0
94,2
95,4
96,4
97,5
98,3
99,2
100,0
101,-1
102,1
103,1
104,2
105,2
106,1
107,0
108,0
109,0
110,1
111,-1
112,-3
113,-1
114,-3
115,-3
116,-5
117,-6
118,-7
119,-5
120,-6
121,-8
122,-9
123,-11
124,-9
125,-9
126,-7
127,-6
128,-7
129,-7
130,-8
131,-7
132,-6
133,-8
134,-9
135,-8
136,-6
137,-4
138,-2
139,-2
140,-2
141,0
142,0
143,0
144,1
145,-1
146,-2
147,-4
148,-5
149,-4
150,-2
151,0
152,1
153,1
154,0
155,2
156,2
157,2
158,2
159,3
160,2
161,3
162,4
163,3
164,1
165,3
166,1
167,-1
168,1
169,3
170,3
171,4
172,3
173,5
174,5
175,4
176,3
177,5
178,5
179,5
180,7
181,8
182,9
183,9
184,10
185,9
186,10
187,8
188,10
189,10
190,8
191,6
192,4
193,5
194,5
195,3
196,4
197,4
198,4
199,6
200,7
201,9
202,11
203,10
204,9
205,8
206,9
207,9
208,9
209,7
210,7
211,6
212,4
213,4
214,2
215,3
216,5
217,3
218,4
219,2
220,2
221,3
222,1
223,3
224,5
225,7
226,7
227,7
228,8
229,10
230,11
231,13
232,12
233,12
234,10
235,12
236,10
237,11
238,10
239,8
240,6
241,4
242,3
243,2
244,3
245,5
246,4
247,6
248,8
249,8
250,10
251,12
252,12
253,11
254,12
255,11
256,10
257,8
258,6
259,8
260,6
261,7
262,8
263,9
264,9
265,11
266,11
267,12
268,14
269,15
270,13
271,11
272,10
273,9
274,10
275,9
276,9
277,11
278,9
279,11
280,10
281,12
282,13
283,12
284,10
285,9
286,9
287,10
288,12
289,13
290,14
291,13
292,14
293,15
294,17
295,18
296,20
297,19
298,20
299,22
300,21
301,22
302,24
303,24
304,23
305,23
306,24
307,26
308,27
309,25
310,23
311,21
312,20
313,21
314,22
315,24
316,23
317,21
318,21
319,19
320,17
321,17
322,16
323,15
324,14
325,12
326,14
327,12
328,13
329,13
330,15
331,13
332,11
333,9
334,9
335,8
336,8
337,9
338,9
339,8
340,6
341,6
342,7
343,7
344,7
345,6
346,5
347,7
348,8
349,6
350,5
351,4
352,5
353,6
354,6
355,8
356,6
357,7
358,6
359,8
360,6
361,5
362,4
363,4
364,3
365,1
366,2
367,1
368,2
369,3
370,5
371,4
372,4
373,6
374,7
375,5
376,5
377,4
378,6
379,4
380,3
381,3
382,4
383,6
384,4
385,2
386,0
387,1
388,2
389,2
390,4
391,2
392,0
393,-2
394,-2
395,-1
396,-3
397,-2
398,0
399,-1
400,-2
401,-4
402,-4
403,-3
404,-1
405,-3
406,-5
407,-6
408,-7
409,-5
410,-3
411,-1
412,-1
413,-1
414,1
415,3
416,1
417,3
418,5
419,3
420,4
421,5
422,4
423,5
424,6
425,7
426,7
427,6
428,7
429,8
430,8
431,7
432,9
433,11
434,9
435,7
436,6
437,4
438,4
439,6
440,6
441,7
442,8
443,7
444,7
445,7
446,7
447,7
448,9
449,9
450,7
451,7
452,5
453,4
454,3
455,2
456,1
457,2
458,2
459,2
460,1
461,0
462,1
463,1
464,-1
465,-3
466,-2
467,-1
468,0
469,0
470,0
471,-2
472,-4
473,-6
474,-5
475,-3
476,-5
477,-7
478,-5
479,-3
480,-3
481,-1
482,0
483,-2
484,-2
485,0
486,1
487,-1
488,1
489,1
490,1
491,2
492,3
493,2
494,0
495,-2
496,-3
497,-5
498,-4
499,-2
500,-2
501,-2
502,-3
503,-1
504,-1
505,1
506,3
507,3
508,3
509,1
510,2
511,1
512,3
513,3
514,4
515,5
516,6
517,5
518,6
519,7
520,8
521,7
522,6
523,7
524,9
525,10
526,8
527,8
528,10
529,8
530,10
531,9
532,9
533,7
534,8
535,6
536,6
537,6
538,8
539,10
540,10
541,8
542,8
543,9
544,9
545,8
546,7
547,5
548,5
549,4
550,2
551,3
552,5
553,6
554,7
555,8
556,8
557,10
558,11
559,10
560,12
561,12
562,14
563,16
564,18
565,18
566,17
567,16
568,15
569,13
570,13
571,11
572,9
573,7
574,5
575,7
576,6
577,5
578,5
579,3
580,1
581,1
582,2
583,4
584,3
585,5
586,3
587,4
588,5
589,6
590,5
591,7
592,7
593,7
594,5
595,4
596,4
597,3
598,1
599,-1
600,1
601,3
602,2
603,1
604,3
605,4
606,3
607,3
608,3
609,4
610,5
611,5
612,5
613,6
614,5
615,6
616,8
617,9
618,10
619,12
620,13
621,12
622,14
623,12
624,11
625,10
626,12
627,13
628,14
629,16
630,14
631,14
632,15
633,16
634,14
635,12
636,12
637,11
638,13
639,15
640,14
641,16
642,15
643,14
644,12
645,14
646,16
647,18
648,19
649,17
650,19
651,20
652,19
653,17
654,19
655,21
656,20
657,18
658,18
659,20
660,22
661,23
662,24
663,26
664,25
665,27
666,26
667,27
668,27
669,28
670,30
671,29
672,29
673,27
674,27
675,27
676,25
677,24
678,24
679,22
680,23
681,22
682,23
683,23
684,24
685,26
686,25
687,27
688,29
689,28
690,30
691,28
692,30
693,32
694,32
695,32
696,33
697,31
698,32
699,31
700,32
701,32
702,34
703,33
704,31
705,30
706,28
707,28
708,30
709,32
710,32
711,33
712,33
713,33
714,31
715,29
716,29
717,30
718,28
719,29
720,31
721,30
722,32
723,30
724,28
725,29
726,30
727,29
728,30
729,31
730,33
731,35
732,35
733,36
734,34
735,36
736,38
737,38
738,37
739,38
740,38
741,36
742,37
743,39
744,37
745,38
746,36
747,38
748,40
749,38
750,38
751,39
752,40
753,41
754,43
755,44
756,45
757,47
758,46
759,46
760,48
761,46
762,45
763,44
764,42
765,43
766,44
767,46
768,46
769,48
770,46
771,48
772,48
773,49
774,48
775,48
776,50
777,49
778,48
779,49
780,50
781,48
782,47
783,46
784,48
785,48
786,47
787,47
788,46
789,44
790,43
791,41
792,39
793,41
794,43
795,42
796,44
797,44
798,44
799,44
800,43
801,43
802,44
803,45
804,46
805,48
806,48
807,48
808,48
809,49
810,49
811,47
812,49
813,50
814,51
815,49
816,48
817,48
818,50
819,52
820,52
821,51
822,49
823,51
824,51
825,50
826,48
827,50
828,51
829,49
830,50
831,49
832,49
833,48
834,48
835,46
836,47
837,49
838,51
839,49
840,47
841,46
842,47
843,49
844,49
845,48
846,47
847,45
848,43
849,41
850,43
851,43
852,44
853,43
854,43
855,44
856,44
857,46
858,46
859,44
860,46
861,44
862,44
863,46
864,45
865,47
866,46
867,48
868,46
869,45
870,45
871,43
872,45
873,43
874,45
875,44
876,45
877,43
878,42
879,44
880,45
881,46
882,45
883,44
884,46
885,44
886,46
887,46
888,44
889,45
890,47
891,49
892,50
893,49
894,47
895,47
896,47
897,47
898,48
899,49
900,47
901,45
902,46
903,48
904,46
905,44
906,45
907,47
908,47
909,46
910,47
911,47
912,49
913,48
914,50
915,49
916,49
917,47
918,45
919,45
920,47
921,49
922,50
923,52
924,53
925,55
926,54
927,54
928,55
929,53
930,51
931,49
932,47
933,46
934,45
935,46
936,47
937,49
938,49
939,47
940,48
941,48
942,46
943,48
944,49
945,51
946,49
947,47
948,46
949,46
950,48
951,48
952,48
953,46
954,48
955,48
956,47
957,45
958,47
959,49
960,49
961,49
962,51
963,52
964,50
965,48
966,49
967,50
968,50
969,50
970,48
971,46
972,48
973,46
974,45
975,47
976,46
977,48
978,48
979,46
980,45
981,44
982,44
983,42
984,41
985,40
986,40
987,42
988,44
989,46
990,47
991,46
992,45
993,47
994,46
995,45
996,45
997,47
998,46
999,45
1000,44
1001,43
1002,44
1003,44
1004,46
1005,48
1006,48
1007,46
1008,47
1009,49
1010,49
1011,47
1012,47
1013,47
1014,47
1015,46
1016,44
1017,42
1018,40
1019,42
1020,44
1021,43
1022,44
1023,44
1024,44
1025,46
1026,44
1027,43
1028,42
1029,41
1030,41
1031,43
1032,45
1033,43
1034,43
1035,44
1036,44
1037,43
1038,42
1039,40
1040,38
1041,39
1042,39
1043,39
1044,37
1045,35
1046,36
1047,35
1048,35
1049,34
1050,34
1051,35
1052,35
1053,33
1054,31
1055,33
1056,33
1057,33
1058,32
1059,30
1060,31
1061,29
1062,31
1063,31
1064,32
1065,33
1066,34
1067,32
1068,34
1069,36
1070,36
1071,38
1072,40
1073,40
1074,42
1075,40
1076,40
1077,42
1078,43
1079,42
1080,40
1081,38
1082,37
1083,39
1084,40
1085,39
1086,38
1087,38
1088,39
1089,41
1090,41
1091,42
1092,44
1093,43
1094,41
1095,41
1096,39
1097,40
1098,40
1099,39
1100,41
1101,41
1102,42
1103,44
1104,46
1105,46
1106,45
1107,46
1108,47
1109,49
1110,51
1111,50
1112,49
1113,47
1114,47
1115,46
1116,47
1117,48
1118,49
1119,50
1120,50
1121,48
1122,47
1123,49
1124,51
1125,52
1126,53
1127,55
1128,57
1129,56
1130,56
1131,54
1132,55
1133,53
1134,55
1135,57
1136,59
1137,57
1138,57
1139,58
1140,57
1141,56
1142,55
1143,56
1144,57
1145,58
1146,60
1147,61
1148,61
1149,62
1150,61
1151,60
1152,58
1153,60
1154,60
1155,62
1156,64
1157,63
1158,61
1159,62
1160,64
1161,65
1162,67
1163,69
1164,70
1165,68
1166,69
1167,67
1168,66
1169,64
1170,65
1171,65
1172,66
1173,65
1174,65
1175,64
1176,66
1177,68
1178,70
1179,71
1180,73
1181,73
1182,73
1183,75
1184,74
1185,76
1186,78
1187,76
1188,74
1189,76
1190,75
1191,77
1192,79
1193,79
1194,77
1195,75
1196,75
1197,76
1198,74
1199,72
1200,73
1201,71
1202,69
1203,70
1204,69
1205,69
1206,71
1207,69
1208,70
1209,68
1210,67
1211,67
1212,69
1213,70
1214,70
1215,70
1216,72
1217,73
1218,71
1219,69
1220,71
1221,70
1222,69
1223,71
1224,69
1225,71
1226,70
1227,70
1228,70
1229,69
1230,67
1231,68
1232,69
1233,67
1234,66
1235,68
1236,70
1237,71
1238,70
1239,71
1240,69
1241,71
1242,71
1243,69
1244,69
1245,68
1246,68
1247,70
1248,72
1249,72
1250,71
1251,73
1252,71
1253,71
1254,69
1255,67
1256,66
1257,67
1258,65
1259,64
1260,63
1261,63
1262,65
1263,67
1264,67
1265,67
1266,65
1267,66
1268,64
1269,65
1270,66
1271,65
1272,66
1273,65
1274,66
1275,66
1276,66
1277,66
1278,65
1279,67
1280,65
1281,67
1282,68
1283,68
1284,68
1285,66
1286,67
1287,65
1288,63
1289,61
1290,62
1291,61
1292,61
1293,63
1294,63
1295,62
1296,62
1297,64
1298,66
1299,68
1300,68
1301,69
1302,69
1303,69
1304,68
1305,66
1306,66
1307,67
1308,68
1309,66
1310,66
1311,64
1312,62
1313,62
1314,62
1315,64
1316,66
1317,64
1318,63
1319,62
1320,62
1321,60
1322,60
1323,62
1324,64
1325,63
1326,61
1327,62
1328,60
1329,60
1330,61
1331,62
1332,62
1333,60
1334,60
1335,61
1336,60
1337,62
1338,63
1339,62
1340,62
1341,63
1342,62
1343,62
1344,62
1345,60
1346,61
1347,63
1348,64
1349,66
1350,64
1351,62
1352,64
1353,62
1354,62
1355,61
1356,60
1357,60
1358,62
1359,62
1360,61
1361,61
1362,61
1363,62
1364,60
1365,62
1366,63
1367,64
1368,63
1369,65
1370,67
1371,68
1372,68
1373,68
1374,68
1375,67
1376,67
1377,65
1378,63
1379,61
1380,63
1381,64
1382,63
1383,62
1384,63
1385,61
1386,61
1387,60
1388,60
1389,61
1390,62
1391,61
1392,62
1393,62
1394,61
1395,62
1396,62
1397,60
1398,59
1399,60
1400,62
1401,62
1402,63
1403,64
1404,63
1405,61
1406,60
1407,61
1408,59
1409,59
1410,58
1411,60
1412,60
1413,62
1414,60
1415,60
1416,62
1417,64
1418,65
1419,66
1420,64
1421,66
1422,68
1423,69
1424,68
1425,67
1426,66
1427,64
1428,65
1429,67
1430,65
1431,65
1432,66
1433,67
1434,67
1435,69
1436,67
1437,68
1438,68
1439,66
1440,66
1441,67
1442,67
1443,66
1444,68
1445,70
1446,71
1447,72
1448,74
1449,76
1450,76
1451,78
1452,79
1453,80
1454,82
1455,81
1456,83
1457,83
1458,85
1459,85
1460,84
1461,86
1462,85
1463,84
1464,82
1465,80
1466,78
1467,76
1468,78
1469,78
1470,77
1471,78
1472,79
1473,80
1474,78
1475,80
1476,80
1477,81
1478,82
1479,83
1480,85
1481,85
1482,87
1483,89
1484,87
1485,85
1486,84
1487,82
1488,82
1489,80
1490,82
1491,80
1492,79
1493,80
1494,79
1495,78
1496,79
1497,78
1498,78
1499,80
1500,79
1501,77
1502,78
1503,77
1504,75
1505,76
1506,74
1507,76
1508,77
1509,78
1510,76
1511,77
1512,75
1513,77
1514,77
1515,76
1516,74
1517,72
1518,73
1519,75
1520,75
1521,77
1522,75
1523,74
1524,76
1525,77
1526,77
1527,75
1528,73
1529,72
1530,74
1531,75
1532,76
1533,78
1534,80
1535,78
1536,80
1537,82
1538,80
1539,81
1540,79
1541,77
1542,78
1543,76
1544,75
1545,75
1546,76
1547,77
1548,75
1549,76
1550,74
1551,74
1552,72
1553,70
1554,68
1555,70
1556,71
1557,69
1558,68
1559,66
1560,65
1561,64
1562,65
1563,65
1564,63
1565,65
1566,65
1567,63
1568,65
1569,65
1570,63
1571,65
1572,67
1573,65
1574,64
1575,65
1576,65
1577,65
1578,66
1579,68
1580,68
1581,69
1582,71
1583,71
1584,72
1585,74
1586,76
1587,78
1588,80
1589,78
1590,77
1591,78
1592,79
1593,79
1594,77
1595,76
1596,75
1597,77
1598,76
1599,76
1600,78
1601,79
1602,78
1603,79
1604,80
1605,78
1606,79
1607,79
1608,79
1609,79
1610,79
1611,78
1612,76
1613,77
1614,79
1615,78
1616,78
1617,76
1618,76
1619,78
1620,78
1621,79
1622,79
1623,80
1624,80
1625,80
1626,82
1627,84
1628,85
1629,85
1630,84
1631,84
1632,82
1633,80
1634,81
1635,79
1636,77
1637,76
1638,78
1639,80
1640,81
1641,82
1642,80
1643,82
1644,81
1645,80
1646,80
1647,79
1648,80
1649,82
1650,80
1651,81
1652,83
1653,83
1654,82
1655,82
1656,81
1657,79
1658,78
1659,80
1660,80
1661,82
1662,82
1663,84
1664,86
1665,84
1666,83
1667,82
1668,83
1669,81
1670,79
1671,79
1672,78
1673,79
1674,80
1675,80
1676,82
1677,82
1678,83
1679,84
1680,83
1681,84
1682,83
1683,81
1684,81
1685,83
1686,85
1687,86
1688,88
1689,88
1690,86
1691,87
1692,87
1693,89
1694,91
1695,92
1696,91
1697,89
1698,87
1699,89
1700,89
1701,89
1702,90
1703,91
1704,89
1705,90
1706,91
1707,89
1708,87
1709,86
1710,84
1711,83
1712,83
1713,84
1714,86
1715,85
1716,85
1717,86
1718,86
1719,87
1720,86
1721,86
1722,87
1723,85
1724,86
1725,86
1726,84
1727,86
1728,88
1729,86
1730,84
1731,85
1732,83
1733,85
1734,85
1735,83
1736,83
1737,81
1738,81
1739,82
1740,83
1741,85
1742,84
1743,84
1744,86
1745,84
1746,86
1747,85
1748,84
1749,85
1750,84
1751,86
1752,86
1753,85
1754,87
1755,85
1756,86
1757,88
1758,87
1759,89
1760,89
1761,88
1762,89
1763,91
1764,89
1765,89
1766,91
1767,89
1768,91
1769,93
1770,94
1771,94
1772,92
1773,91
1774,91
1775,89
1776,89
1777,90
1778,91
1779,89
1780,88
1781,88
1782,90
1783,91
1784,92
1785,90
1786,91
1787,93
1788,92
1789,94
1790,95
1791,93
1792,93
1793,94
1794,96
1795,94
1796,94
1797,93
1798,91
1799,90
1800,90
1801,88
1802,87
1803,87
1804,86
1805,84
1806,84
1807,82
1808,83
1809,84
1810,82
1811,84
1812,82
1813,84
1814,84
1815,85
1816,84
1817,84
1818,86
1819,87
1820,88
1821,86
1822,87
1823,85
1824,83
1825,84
1826,82
1827,83
1828,85
1829,85
1830,84
1831,83
1832,83
1833,85
1834,83
1835,82
1836,84
1837,82
1838,81
1839,81
1840,82
1841,84
1842,85
1843,83
1844,81
1845,81
1846,79
1847,79
1848,78
1849,76
1850,74
1851,76
1852,76
1853,74
1854,74
1855,74
1856,75
1857,77
1858,75
1859,77
1860,77
1861,79
1862,79
1863,78
1864,79
1865,77
1866,77
1867,75
1868,73
1869,72
1870,72
1871,70
1872,68
1873,69
1874,67
1875,65
1876,65
1877,65
1878,65
1879,67
1880,69
1881,71
1882,69
1883,68
1884,66
1885,66
1886,68
1887,66
1888,68
1889,67
1890,67
1891,66
1892,64
1893,66
1894,68
1895,67
1896,69
1897,71
1898,70
1899,69
1900,69
1901,67
1902,66
1903,66
1904,67
1905,68
1906,70
1907,69
1908,68
1909,70
1910,70
1911,70
1912,68
1913,68
1914,70
1915,68
1916,68
1917,69
1918,70
1919,69
1920,68
1921,66
1922,68
1923,68
1924,67
1925,65
1926,66
1927,67
1928,69
1929,71
1930,73
1931,72
1932,71
1933,72
1934,70
1935,68
1936,67
1937,67
1938,68
1939,70
1940,69
1941,67
1942,67
1943,68
1944,70
1945,71
1946,73
1947,72
1948,73
1949,75
1950,77
1951,79
1952,81
1953,79
1954,80
1955,78
1956,77
1957,78
1958,79
1959,79
1960,81
1961,79
1962,81
1963,80
1964,81
1965,80
1966,79
1967,81
1968,82
1969,81
1970,80
1971,79
1972,80
1973,81
1974,79
1975,79
1976,78
1977,77
1978,76
1979,78
1980,76
1981,76
1982,74
1983,73
1984,74
1985,76
1986,75
1987,77
1988,77
1989,77
1990,78
1991,78
1992,78
1993,78
1994,79
1995,77
1996,76
1997,75
1998,74
1999,76
2000,76
2001,76
2002,77
2003,75
2004,75
2005,76
2006,78
2007,79
2008,78
2009,78
2010,80
2011,79
2012,77
2013,75
2014,77
2015,75
2016,77
2017,75
2018,74
2019,73
2020,75
2021,77
2022,75
2023,74
2024,76
2025,77
2026,78
2027,76
2028,78
2029,76
2030,75
2031,76
2032,78
2033,80
2034,78
2035,78
2036,80
2037,78
2038,78
2039,76
2040,78
2041,78
2042,79
2043,78
2044,80
2045,80
2046,79
2047,77
2048,75
2049,77
2050,76
2051,78
2052,80
2053,82
2054,83
2055,81
2056,81
2057,80
2058,78
2059,78
2060,79
2061,78
2062,78
2063,76
2064,77
2065,78
2066,78
2067,80
2068,81
2069,83
2070,83
2071,85
2072,86
2073,84
2074,83
2075,83
2076,81
2077,83
2078,83
2079,83
2080,85
2081,84
2082,83
2083,81
2084,79
2085,78
2086,76
2087,78
2088,76
2089,74
2090,75
2091,76
2092,77
2093,76
2094,77
2095,78
2096,80
2097,80
2098,81
2099,83
2100,85
2101,83
2102,84
2103,84
2104,84
2105,83
2106,83
2107,85
2108,84
2109,83
2110,82
2111,82
2112,84
2113,82
2114,82
2115,81
2116,80
2117,82
2118,81
2119,80
2120,79
2121,81
2122,81
2123,83
2124,81
2125,81
2126,79
2127,81
2128,79
2129,77
2130,78
2131,77
2132,75
2133,75
2134,73
2135,75
2136,76
2137,76
2138,78
2139,77
2140,76
2141,74
2142,75
2143,73
2144,71
2145,71
2146,71
2147,73
2148,72
2149,70
2150,68
2151,68
2152,70
2153,72
2154,74
2155,72
2156,72
2157,71
2158,73
2159,75
2160,74
2161,72
2162,70
2163,69
2164,71
2165,69
2166,69
2167,71
2168,69
2169,68
2170,67
2171,68
2172,70
2173,69
2174,67
2175,66
2176,65
2177,67
2178,65
2179,65
2180,67
2181,68
2182,68
2183,70
2184,70
2185,71
2186,70
2187,72
2188,74
2189,74
2190,72
2191,70
2192,70
2193,70
2194,71
2195,70
2196,71
2197,69
2198,70
2199,68
2200,68
2201,70
2202,68
2203,69
2204,69
2205,67
2206,69
2207,67
2208,67
2209,65
2210,66
2211,65
2212,66
2213,66
2214,66
2215,66
2216,64
2217,65
2218,67
2219,66
2220,65
2221,67
2222,66
2223,64
2224,64
2225,66
2226,68
2227,68
2228,67
2229,67
2230,69
2231,67
2232,68
2233,67
2234,68
2235,68
2236,67
2237,68
2238,69
2239,70
2240,68
2241,69
2242,69
2243,70
2244,68
2245,70
2246,70
2247,70
2248,71
2249,70
2250,71
2251,70
2252,71
2253,73
2254,72
2255,72
2256,70
2257,68
2258,67
2259,66
2260,68
2261,66
2262,66
2263,66
2264,65
2265,65
2266,63
2267,65
2268,63
2269,64
2270,62
2271,60
2272,59
2273,59
2274,57
2275,58
2276,57
2277,58
2278,56
2279,55
2280,54
2281,52
2282,52
2283,54
2284,53
2285,52
2286,53
2287,52
2288,53
2289,55
2290,57
2291,58
2292,60
2293,61
2294,61
2295,61
2296,60
2297,62
2298,64
2299,63
2300,63
2301,65
2302,67
2303,65
2304,64
2305,66
2306,67
2307,69
2308,71
2309,69
2310,70
2311,69
2312,67
2313,67
2314,67
2315,68
2316,66
2317,65
2318,67
2319,69
2320,69
2321,68
2322,70
2323,70
2324,72
2325,71
2326,70
2327,70
2328,69
2329,67
2330,66
2331,64
2332,66
2333,64
2334,65
2335,65
2336,64
2337,65
2338,67
2339,68
2340,70
2341,70
2342,69
2343,68
2344,67
2345,65
2346,63
2347,63
2348,62
2349,61
2350,60
2351,62
2352,62
2353,62
2354,63
2355,65
2356,63
2357,62
2358,63
2359,62
2360,62
2361,64
2362,66
2363,67
2364,66
2365,66
2366,65
2367,63
2368,61
2369,61
2370,62
2371,61
2372,60
2373,62
2374,60
2375,60
2376,62
2377,60
2378,59
2379,60
2380,61
2381,61
2382,63
2383,64
2384,63
2385,65
2386,65
2387,65
2388,63
2389,61
2390,59
2391,59
2392,59
2393,61
2394,60
2395,58
2396,59
2397,61
2398,59
2399,58
2400,59
2401,60
2402,60
2403,62
2404,62
2405,64
2406,65
2407,67
2408,66
2409,64
2410,64
2411,62
2412,64
2413,65
2414,66
2415,65
2416,65
2417,65
2418,66
2419,66
2420,68
2421,66
2422,66
2423,65
2424,65
2425,63
2426,63
2427,61
2428,60
2429,62
2430,63
2431,65
2432,66
2433,67
2434,65
2435,65
2436,65
2437,66
2438,67
2439,69
2440,67
2441,67
2442,69
2443,67
2444,65
2445,67
2446,68
2447,68
2448,67
2449,68
2450,68
2451,68
2452,69
2453,68
2454,70
2455,68
2456,67
2457,68
2458,69
2459,69
2460,71
2461,70
2462,69
2463,69
2464,71
2465,72
2466,72
2467,72
2468,73
2469,71
2470,70
2471,72
2472,73
2473,73
2474,72
2475,70
2476,69
2477,71
2478,72
2479,74
2480,74
2481,74
2482,73
2483,73
2484,74
2485,74
2486,75
2487,74
2488,74
2489,73
2490,74
2491,74
2492,74
2493,73
2494,72
2495,74
2496,76
2497,77
2498,76
2499,76
2500,78
2501,80
2502,81
2503,83
2504,82
2505,84
2506,86
2507,86
2508,84
2509,86
2510,87
2511,89
2512,90
2513,92
2514,92
2515,91
2516,91
2517,91
2518,93
2519,95
2520,93
2521,93
2522,94
2523,96
2524,94
2525,92
2526,93
2527,92
2528,93
2529,95
2530,97
2531,99
2532,100
2533,102
2534,100
2535,99
2536,98
2537,96
2538,94
2539,93
2540,92
2541,93
2542,92
2543,90
2544,91
2545,89
2546,90
2547,90
2548,90
2549,91
2550,92
2551,94
2552,94
2553,94
2554,95
2555,96
2556,96
2557,98
2558,100
2559,100
2560,98
2561,96
2562,96
2563,98
2564,96
2565,96
2566,96
2567,95
2568,97
2569,98
2570,100
2571,99
2572,98
2573,96
2574,97
2575,96
2576,96
2577,95
2578,96
2579,95
2580,94
2581,96
2582,94
2583,96
2584,95
2585,94
2586,94
2587,95
2588,93
2589,92
2590,90
2591,88
2592,88
2593,90
2594,89
2595,91
2596,93
2597,95
2598,95
2599,93
2600,95
2601,94
2602,95
2603,93
2604,95
2605,94
2606,96
2607,95
2608,93
2609,93
2610,94
2611,93
2612,92
2613,90
2614,88
2615,90
2616,91
2617,93
2618,95
2619,96
2620,95
2621,95
2622,94
2623,92
2624,91
2625,93
2626,92
2627,92
2628,93
2629,94
2630,95
2631,95
2632,97
2633,96
2634,94
2635,95
2636,96
2637,98
2638,98
2639,96
2640,97
2641,97
2642,96
2643,96
2644,96
2645,98
2646,97
2647,96
2648,97
2649,98
2650,97
2651,96
2652,94
2653,94
2654,95
2655,94
2656,96
2657,98
2658,97
2659,97
2660,99
2661,101
2662,101
2663,103
2664,103
2665,105
2666,107
2667,107
2668,105
2669,106
2670,106
2671,107
2672,105
2673,107
2674,107
2675,108
2676,109
2677,108
2678,107
2679,108
2680,110
2681,112
2682,110
2683,112
2684,112
2685,110
2686,110
2687,109
2688,107
2689,108
2690,106
2691,108
2692,110
2693,112
2694,110
2695,110
2696,108
2697,108
2698,110
2699,108
2700,106
2701,108
2702,107
2703,108
2704,106
2705,104
2706,105
2707,103
2708,102
2709,104
2710,105
2711,105
2712,106
2713,104
2714,105
2715,105
2716,104
2717,103
2718,101
2719,102
2720,101
2721,102
2722,104
2723,105
2724,107
2725,105
2726,103
2727,101
2728,103
2729,102
2730,100
2731,99
2732,99
2733,100
2734,99
2735,99
2736,101
2737,103
2738,103
2739,103
2740,101
2741,100
2742,98
2743,97
2744,96
2745,97
2746,95
2747,97
2748,96
2749,97
2750,97
2751,95
2752,94
2753,94
2754,95
2755,95
2756,97
2757,95
2758,95
2759,93
2760,94
2761,92
2762,93
2763,92
2764,93
2765,91
2766,92
2767,94
2768,96
2769,95
2770,95
2771,93
2772,95
2773,97
2774,98
2775,98
2776,98
2777,99
2778,99
2779,98
2780,97
2781,96
2782,95
2783,97
2784,98
2785,100
2786,100
2787,102
2788,104
2789,106
2790,108
2791,108
2792,107
2793,108
2794,106
2795,106
2796,107
2797,109
2798,108
2799,110
2800,110
2801,108
2802,107
2803,106
2804,108
2805,110
2806,108
2807,110
2808,111
2809,113
2810,111
2811,113
2812,112
2813,113
2814,112
2815,111
2816,113
2817,114
2818,113
2819,111
2820,111
2821,111
2822,113
2823,112
2824,112
2825,110
2826,111
2827,111
2828,113
2829,115
2830,115
2831,116
2832,116
2833,114
2834,113
2835,112
2836,110
2837,109
2838,109
2839,110
2840,109
2841,111
2842,113
2843,113
2844,113
2845,111
2846,109
2847,110
2848,111
2849,112
2850,113
2851,114
2852,113
2853,114
2854,116
2855,114
2856,115
2857,117
2858,118
2859,120
2860,118
2861,118
2862,118
2863,118
2864,118
2865,119
2866,118
2867,120
2868,119
2869,120
2870,122
2871,122
2872,120
2873,122
2874,121
2875,121
2876,120
2877,120
2878,119
2879,119
2880,119
2881,118
2882,118
2883,116
2884,118
2885,119
2886,118
2887,118
2888,118
2889,117
2890,116
2891,118
2892,116
2893,114
2894,114
2895,116
2896,117
2897,118
2898,120
2899,118
2900,119
2901,120
2902,122
2903,123
2904,125
2905,126
2906,127
2907,126
2908,126
2909,125
2910,123
2911,125
2912,125
2913,127
2914,125
2915,125
2916,125
2917,124
2918,123
2919,122
2920,124
2921,122
2922,120
2923,122
2924,120
2925,122
2926,123
2927,122
2928,124
2929,124
2930,125
2931,123
2932,122
2933,122
2934,123
2935,121
2936,121
2937,122
2938,123
2939,125
2940,127
2941,125
2942,127
2943,129
2944,131
2945,133
2946,134
2947,135
2948,135
2949,137
2950,139
2951,138
2952,137
2953,137
2954,135
2955,135
2956,136
2957,137
2958,135
2959,136
2960,135
2961,136
2962,134
2963,136
2964,136
2965,137
2966,136
2967,134
2968,136
2969,134
2970,136
2971,134
2972,134
2973,135
2974,137
2975,137
2976,139
2977,141
2978,139
2979,138
2980,140
2981,140
2982,140
2983,138
2984,137
2985,137
2986,139
2987,138
2988,139
2989,141
2990,143
2991,142
2992,144
2993,146
2994,144
2995,144
2996,142
2997,141
2998,143
2999,142
3000,143
3001,144
3002,143
3003,142
3004,144
3005,145
3006,143
3007,144
3008,144
3009,144
3010,144
3011,145
3012,144
3013,146
3014,145
3015,145
3016,147
3017,147
3018,149
3019,149
3020,149
3021,147
3022,148
3023,147
3024,147
3025,145
3026,143
3027,145
3028,144
3029,146
3030,146
3031,146
3032,144
3033,145
3034,143
3035,145
3036,146
3037,144
3038,146
3039,145
3040,145
3041,144
3042,143
3043,142
3044,143
3045,145
3046,146
3047,146
3048,146
3049,148
3050,147
3051,149
3052,149
3053,151
3054,151
3055,150
3056,152
3057,153
3058,153
3059,153
3060,155
3061,157
3062,159
3063,161
3064,161
3065,163
3066,164
3067,163
3068,162
3069,160
3070,162
3071,161
3072,160
3073,160
3074,160
3075,159
3076,159
3077,159
3078,160
3079,162
3080,164
3081,166
3082,164
3083,163
3084,161
3085,161
3086,161
3087,160
3088,160
3089,162
3090,164
3091,164
3092,165
3093,163
3094,164
3095,164
3096,164
3097,164
3098,162
3099,160
3100,160
3101,159
3102,158
3103,156
3104,158
3105,159
3106,159
3107,158
3108,159
3109,159
3110,157
3111,157
3112,159
3113,159
3114,160
3115,159
3116,161
3117,161
3118,162
3119,164
3120,165
3121,167
3122,168
3123,169
3124,168
3125,167
3126,167
3127,168
3128,166
3129,167
3130,166
3131,168
3132,170
3133,170
3134,168
3135,166
3136,167
3137,169
3138,168
3139,167
3140,168
3141,169
3142,170
3143,172
3144,170
3145,171
3146,170
3147,170
3148,168
3149,167
3150,168
3151,166
3152,164
3153,163
3154,161
3155,160
3156,160
3157,160
3158,160
3159,158
3160,156
3161,157
3162,159
3163,159
3164,159
3165,158
3166,158
3167,156
3168,156
3169,155
3170,156
3171,155
3172,154
3173,153
3174,151
3175,153
3176,152
3177,153
3178,152
3179,153
3180,155
3181,157
3182,158
3183,160
3184,160
3185,161
3186,162
3187,161
3188,160
3189,160
3190,159
3191,160
3192,160
3193,159
3194,159
3195,161
3196,161
3197,161
3198,161
3199,159
3200,157
3201,155
3202,156
3203,155
3204,157
3205,155
3206,153
3207,151
3208,153
3209,154
3210,156
3211,157
3212,159
3213,161
3214,159
3215,158
3216,156
3217,157
3218,155
3219,156
3220,156
3221,155
3222,156
3223,158
3224,160
3225,159
3226,157
3227,157
3228,155
3229,155
3230,157
3231,155
3232,153
3233,155
3234,154
3235,153
3236,155
3237,157
3238,156
3239,157
3240,159
3241,159
3242,159
3243,161
3244,163
3245,165
3246,165
3247,164
3248,166
3249,166
3250,168
3251,167
3252,166
3253,166
3254,166
3255,164
3256,162
3257,162
3258,162
3259,162
3260,162
3261,163
3262,163
3263,165
3264,165
3265,164
3266,162
3267,162
3268,160
3269,161
3270,161
3271,160
3272,161
3273,160
3274,158
3275,158
3276,156
3277,154
3278,152
3279,154
3280,154
3281,156
3282,154
3283,152
3284,153
3285,155
3286,154
3287,153
3288,153
3289,151
3290,152
3291,151
3292,153
3293,152
3294,150
3295,151
3296,153
3297,153
3298,153
3299,152
3300,150
3301,148
3302,148
3303,149
3304,148
3305,146
3306,146
3307,146
3308,144
3309,146
3310,145
3311,147
3312,148
3313,150
3314,148
3315,150
3316,151
3317,150
3318,148
3319,148
3320,147
3321,145
3322,143
3323,143
3324,144
3325,142
3326,143
3327,143
3328,145
3329,143
3330,141
3331,139
3332,139
3333,140
3334,138
3335,140
3336,141
3337,139
3338,140
3339,138
3340,140
3341,139
3342,141
3343,139
3344,137
3345,136
3346,138
3347,137
3348,137
3349,136
3350,134
3351,133
3352,134
3353,133
3354,131
3355,131
3356,132
3357,133
3358,132
3359,133
3360,132
3361,132
3362,133
3363,134
3364,134
3365,132
3366,132
3367,132
3368,130
3369,130
3370,130
3371,130
3372,132
3373,133
3374,133
3375,135
3376,133
3377,134
3378,134
3379,136
3380,135
3381,136
3382,134
3383,136
3384,138
3385,139
3386,140
3387,140
3388,141
3389,141
3390,139
3391,141
3392,143
3393,141
3394,142
3395,143
3396,142
3397,142
3398,140
3399,141
3400,139
3401,141
3402,139
3403,141
3404,141
3405,143
3406,141
3407,143
3408,143
3409,144
3410,146
3411,144
3412,145
3413,144
3414,142
3415,142
3416,144
3417,142
3418,141
3419,142
3420,142
3421,144
3422,146
3423,147
3424,149
3425,149
3426,150
3427,150
3428,150
3429,151
3430,150
3431,152
3432,154
3433,155
3434,156
3435,158
3436,159
3437,157
3438,158
3439,158
3440,159
3441,159
3442,160
3443,161
3444,163
3445,161
3446,159
3447,157
3448,155
3449,157
3450,155
3451,153
3452,154
3453,152
3454,150
3455,150
3456,152
3457,154
3458,154
3459,153
3460,155
3461,156
3462,154
3463,156
3464,157
3465,155
3466,156
3467,155
3468,154
3469,155
3470,154
3471,153
3472,152
3473,154
3474,152
3475,152
3476,151
3477,151
3478,153
3479,154
3480,153
3481,151
3482,152
3483,151
3484,149
3485,151
3486,150
3487,149
3488,147
3489,148
3490,149
3491,151
3492,152
3493,150
3494,148
3495,147
3496,148
3497,149
3498,150
3499,152
3500,154
3501,156
3502,156
3503,156
3504,154
3505,156
3506,158
3507,157
3508,159
3509,157
3510,159
3511,157
3512,157
3513,155
3514,157
3515,159
3516,158
3517,156
3518,155
3519,154
3520,155
3521,157
3522,157
3523,156
3524,155
3525,156
3526,156
3527,158
3528,159
3529,159
3530,157
3531,157
3532,158
3533,159
3534,161
3535,162
3536,164
3537,162
3538,161
3539,162
3540,161
3541,160
3542,159
3543,160
3544,159
3545,157
3546,158
3547,160
3548,160
3549,162
3550,160
3551,158
3552,156
3553,156
3554,157
3555,158
3556,156
3557,156
3558,157
3559,159
3560,159
3561,157
3562,156
3563,154
3564,152
3565,153
3566,152
3567,150
3568,151
3569,151
3570,152
3571,154
3572,152
3573,154
3574,152
3575,151
3576,150
3577,151
3578,151
3579,152
3580,154
3581,154
3582,152
3583,154
3584,154
3585,155
3586,157
3587,159
3588,160
3589,160
3590,158
3591,158
3592,156
3593,158
3594,158
3595,156
3596,156
3597,154
3598,152
3599,150
3600,151
3601,153
3602,153
3603,154
3604,152
3605,152
3606,152
3607,152
3608,150
3609,152
3610,152
3611,151
3612,153
3613,154
3614,154
3615,155
3616,156
3617,155
3618,155
3619,154
3620,156
3621,157
3622,158
3623,160
3624,162
3625,163
3626,165
3627,164
3628,162
3629,162
3630,163
3631,164
3632,165
3633,163
3634,165
3635,166
3636,166
3637,167
3638,167
3639,169
3640,171
3641,169
3642,167
3643,168
3644,169
3645,169
3646,168
3647,167
3648,169
3649,168
3650,166
