Days,Stock Price
1,1
2,1
3,3
4,1
5,1
6,3
7,5
8,7
9,7
10,9
11,9
12,9
13,10
14,8
15,7
16,9
17,7
18,6
19,8
20,6
21,7
22,8
23,7
24,6
25,8
26,7
27,7
28,5
29,3
30,4
31,6
32,4
33,3
34,2
35,3
36,4
37,4
38,4
39,6
40,8
41,10
42,9
43,10
44,10
45,11
46,9
47,10
48,9
49,10
50,10
51,9
52,10
53,10
54,12
55,14
56,14
57,12
58,12
59,12
60,12
61,10
62,12
63,13
64,14
65,14
66,13
67,12
68,14
69,15
70,15
71,14
72,16
73,18
74,20
75,21
76,23
77,22
78,21
79,19
80,21
81,20
82,21
83,22
84,23
85,23
86,25
87,25
88,27
89,26
90,26
91,26
92,28
93,29
94,29
95,29
96,27
97,25
98,24
99,23
100,21
101,22
102,22
103,20
104,22
105,22
106,23
107,25
108,23
109,21
110,23
111,21
112,22
113,23
114,21
115,20
116,20
117,22
118,21
119,21
120,22
121,23
122,22
123,22
124,21
125,22
126,21
127,22
128,23
129,23
130,25
131,26
132,27
133,27
134,28
135,30
136,29
137,31
138,32
139,31
140,33
141,31
142,32
143,32
144,30
145,31
146,29
147,29
148,27
149,28
150,27
151,28
152,27
153,27
154,25
155,27
156,25
157,26
158,26
159,24
160,25
161,27
162,29
163,28
164,27
165,29
166,27
167,29
168,30
169,29
170,29
171,31
172,30
173,29
174,30
175,31
176,30
177,29
178,27
179,26
180,28
181,28
182,27
183,26
184,28
185,27
186,27
187,27
188,27
189,25
190,25
191,23
192,25
193,26
194,27
195,27
196,28
197,29
198,30
199,31
200,30
201,28
202,29
203,31
204,32
205,33
206,33
207,33
208,35
209,33
210,34
211,36
212,38
213,36
214,36
215,34
216,35
217,37
218,37
219,35
220,34
221,34
222,34
223,34
224,34
225,32
226,34
227,34
228,33
229,35
230,34
231,34
232,32
233,31
234,33
235,31
236,33
237,32
238,32
239,34
240,35
241,36
242,34
243,34
244,32
245,32
246,33
247,34
248,35
249,33
250,32
251,32
252,34
253,32
254,34
255,34
256,33
257,35
258,37
259,37
260,35
261,35
262,34
263,34
264,35
265,35
266,36
267,37
268,39
269,39
270,41
271,43
272,41
273,43
274,43
275,41
276,42
277,40
278,39
279,40
280,40
281,40
282,38
283,38
284,40
285,38
286,37
287,35
288,34
289,34
290,36
291,35
292,33
293,34
294,36
295,37
296,35
297,37
298,38
299,37
300,36
301,36
302,35
303,37
304,38
305,39
306,41
307,42
308,40
309,40
310,40
311,40
312,39
313,41
314,40
315,39
316,38
317,38
318,37
319,37
320,37
321,38
322,37
323,37
324,36
325,36
326,34
327,35
328,36
329,35
330,33
331,35
332,33
333,34
334,32
335,34
336,35
337,35
338,37
339,38
340,40
341,41
342,41
343,40
344,41
345,43
346,43
347,45
348,46
349,44
350,46
351,44
352,45
353,43
354,43
355,42
356,42
357,40
358,40
359,38
360,37
361,37
362,36
363,35
364,35
365,37
366,37
367,35
368,34
369,34
370,32
371,30
372,30
373,30
374,31
375,29
376,28
377,28
378,28
379,28
380,29
381,28
382,28
383,29
384,28
385,28
386,28
387,26
388,28
389,30
390,30
391,30
392,31
393,29
394,27
395,25
396,27
397,28
398,28
399,28
400,28
401,28
402,26
403,28
404,30
405,31
406,31
407,32
408,31
409,33
410,31
411,30
412,28
413,30
414,29
415,30
416,29
417,30
418,31
419,31
420,31
421,31
422,33
423,31
424,31
425,29
426,29
427,31
428,29
429,31
430,30
431,32
432,31
433,30
434,28
435,29
436,29
437,29
438,28
439,29
440,28
441,27
442,26
443,27
444,25
445,25
446,24
447,26
448,27
449,26
450,25
451,25
452,26
453,25
454,26
455,27
456,28
457,28
458,28
459,29
460,31
461,32
462,32
463,32
464,32
465,32
466,30
467,32
468,32
469,33
470,35
471,33
472,35
473,33
474,35
475,35
476,37
477,35
478,36
479,36
480,38
481,40
482,38
483,38
484,38
485,36
486,34
487,32
488,34
489,36
490,34
491,35
492,33
493,35
494,34
495,34
496,36
497,37
498,36
499,35
500,35
501,35
502,34
503,33
504,33
505,31
506,29
507,30
508,31
509,32
510,31
511,33
512,31
513,32
514,31
515,31
516,29
517,31
518,29
519,31
520,29
521,29
522,30
523,28
524,28
525,27
526,27
527,26
528,28
529,26
530,28
531,27
532,27
533,25
534,23
535,22
536,23
537,21
538,19
539,20
540,19
541,20
542,20
543,19
544,18
545,16
546,14
547,13
548,15
549,13
550,13
551,13
552,14
553,12
554,12
555,12
556,11
557,11
558,12
559,13
560,13
561,15
562,17
563,17
564,19
565,18
566,16
567,18
568,18
569,16
570,16
571,14
572,12
573,11
574,10
575,11
576,11
577,12
578,14
579,15
580,17
581,19
582,17
583,19
584,21
585,22
586,23
587,24
588,22
589,23
590,24
591,26
592,26
593,26
594,27
595,26
596,28
597,30
598,31
599,32
600,31
601,29
602,30
603,30
604,32
605,31
606,29
607,28
608,30
609,30
610,32
611,30
612,29
613,29
614,28
615,28
616,26
617,28
618,28
619,28
620,28
621,26
622,27
623,26
624,24
625,24
626,22
627,24
628,25
629,26
630,28
631,30
632,28
633,30
634,31
635,33
636,33
637,32
638,30
639,29
640,30
641,30
642,32
643,31
644,33
645,33
646,34
647,33
648,33
649,34
650,32
651,31
652,32
653,33
654,34
655,35
656,35
657,36
658,38
659,36
660,37
661,38
662,38
663,39
664,41
665,39
666,37
667,36
668,37
669,37
670,35
671,36
672,38
673,40
674,42
675,40
676,41
677,39
678,40
679,38
680,39
681,40
682,42
683,41
684,41
685,43
686,41
687,40
688,42
689,44
690,44
691,44
692,42
693,44
694,44
695,46
696,45
697,45
698,46
699,44
700,42
701,43
702,41
703,40
704,42
705,40
706,40
707,40
708,40
709,40
710,38
711,36
712,35
713,34
714,35
715,33
716,31
717,32
718,31
719,30
720,28
721,26
722,27
723,27
724,26
725,26
726,27
727,28
728,26
729,25
730,23
731,21
732,20
733,18
734,19
735,17
736,17
737,17
738,15
739,17
740,15
741,13
742,12
743,13
744,12
745,10
746,11
747,12
748,10
749,9
750,11
751,11
752,11
753,13
754,15
755,16
756,15
757,13
758,14
759,13
760,12
761,10
762,11
763,9
764,10
765,10
766,8
767,8
768,10
769,8
770,8
771,7
772,7
773,8
774,10
775,11
776,12
777,14
778,15
779,14
780,15
781,15
782,16
783,14
784,13
785,14
786,12
787,13
788,14
789,13
790,12
791,11
792,12
793,12
794,11
795,10
796,9
797,11
798,13
799,13
800,12
801,13
802,15
803,17
804,18
805,16
806,18
807,20
808,18
809,19
810,17
811,18
812,18
813,19
814,17
815,19
816,20
817,20
818,22
819,23
820,24
821,24
822,24
823,24
824,26
825,27
826,25
827,23
828,25
829,24
830,25
831,24
832,23
833,25
834,23
835,21
836,23
837,25
838,24
839,23
840,25
841,24
842,23
843,23
844,22
845,21
846,22
847,20
848,19
849,21
850,22
851,21
852,20
853,18
854,16
855,17
856,16
857,15
858,13
859,13
860,15
861,16
862,17
863,16
864,18
865,16
866,17
867,19
868,19
869,21
870,19
871,18
872,16
873,16
874,14
875,13
876,11
877,12
878,13
879,12
880,14
881,16
882,14
883,13
884,12
885,10
886,9
887,9
888,10
889,9
890,7
891,8
892,8
893,6
894,8
895,7
896,6
897,6
898,6
899,7
900,6
901,7
902,6
903,7
904,7
905,7
906,6
907,6
908,4
909,2
910,1
911,-1
912,1
913,0
914,1
915,-1
916,-2
917,-3
918,-5
919,-7
920,-7
921,-7
922,-9
923,-10
924,-10
925,-11
926,-10
927,-9
928,-11
929,-13
930,-12
931,-11
932,-13
933,-15
934,-16
935,-16
936,-16
937,-16
938,-16
939,-14
940,-12
941,-14
942,-15
943,-14
944,-13
945,-14
946,-15
947,-16
948,-16
949,-17
950,-16
951,-16
952,-18
953,-17
954,-16
955,-16
956,-14
957,-13
958,-12
959,-10
960,-8
961,-7
962,-7
963,-8
964,-7
965,-9
966,-7
967,-7
968,-9
969,-8
970,-6
971,-4
972,-3
973,-5
974,-7
975,-6
976,-4
977,-3
978,-1
979,-2
980,-3
981,-2
982,-1
983,-2
984,-3
985,-1
986,-3
987,-2
988,-2
989,-1
990,-1
991,0
992,2
993,2
994,0
995,2
996,2
997,1
998,1
999,3
1000,5
1001,4
1002,6
1003,8
1004,9
1005,8
1006,8
1007,8
1008,10
1009,9
1010,8
1011,6
1012,5
1013,4
1014,5
1015,6
1016,4
1017,5
1018,4
1019,2
1020,4
1021,2
1022,3
1023,4
1024,4
1025,5
1026,5
1027,5
1028,7
1029,6
1030,5
1031,3
1032,5
1033,5
1034,7
1035,8
1036,6
1037,7
1038,7
1039,6
1040,6
1041,4
1042,5
1043,6
1044,6
1045,5
1046,6
1047,8
1048,8
1049,10
1050,12
1051,11
1052,11
1053,12
1054,11
1055,10
1056,9
1057,7
1058,5
1059,6
1060,6
1061,8
1062,9
1063,8
1064,7
1065,8
1066,7
1067,9
1068,10
1069,9
1070,7
1071,5
1072,4
1073,6
1074,8
1075,9
1076,9
1077,11
1078,12
1079,14
1080,13
1081,15
1082,15
1083,16
1084,16
1085,17
1086,19
1087,18
1088,17
1089,17
1090,19
1091,20
1092,19
1093,19
1094,18
1095,18
1096,18
1097,16
1098,17
1099,16
1100,15
1101,17
1102,18
1103,18
1104,16
1105,18
1106,19
1107,21
1108,23
1109,24
1110,23
1111,21
1112,21
1113,22
1114,20
1115,20
1116,22
1117,21
1118,19
1119,17
1120,18
1121,20
1122,18
1123,20
1124,21
1125,22
1126,22
1127,21
1128,22
1129,22
1130,24
1131,23
1132,24
1133,24
1134,23
1135,24
1136,24
1137,26
1138,24
1139,23
1140,25
1141,24
1142,25
1143,26
1144,25
1145,26
1146,24
1147,22
1148,24
1149,22
1150,22
1151,23
1152,22
1153,24
1154,24
1155,22
1156,23
1157,22
1158,23
1159,24
1160,26
1161,26
1162,26
1163,26
1164,25
1165,26
1166,27
1167,25
1168,27
1169,28
1170,29
1171,30
1172,29
1173,28
1174,27
1175,27
1176,26
1177,26
1178,24
1179,23
1180,25
1181,27
1182,26
1183,25
1184,27
1185,28
1186,29
1187,31
1188,31
1189,30
1190,32
1191,33
1192,31
1193,30
1194,28
1195,29
1196,28
1197,26
1198,28
1199,26
1200,24
1201,24
1202,25
1203,24
1204,23
1205,21
1206,20
1207,20
1208,22
1209,23
1210,24
1211,22
1212,22
1213,24
1214,23
1215,24
1216,22
1217,21
1218,23
1219,23
1220,23
1221,22
1222,20
1223,22
1224,22
1225,22
1226,23
1227,22
1228,20
1229,22
1230,21
1231,19
1232,18
1233,16
1234,18
1235,18
1236,18
1237,16
1238,14
1239,15
1240,16
1241,14
1242,15
1243,15
1244,15
1245,15
1246,14
1247,14
1248,15
1249,13
1250,12
1251,13
1252,14
1253,15
1254,17
1255,16
1256,16
1257,16
1258,18
1259,18
1260,19
1261,17
1262,15
1263,13
1264,13
1265,15
1266,17
1267,19
1268,21
1269,20
1270,22
1271,24
1272,24
1273,25
1274,24
1275,23
1276,21
1277,23
1278,24
1279,22
1280,22
1281,21
1282,22
1283,20
1284,19
1285,20
1286,21
1287,22
1288,22
1289,22
1290,23
1291,22
1292,23
1293,24
1294,25
1295,23
1296,23
1297,23
1298,23
1299,24
1300,23
1301,22
1302,24
1303,22
1304,21
1305,19
1306,18
1307,19
1308,19
1309,18
1310,20
1311,22
1312,22
1313,22
1314,24
1315,25
1316,25
1317,26
1318,27
1319,25
1320,23
1321,22
1322,21
1323,19
1324,18
1325,17
1326,18
1327,19
1328,17
1329,17
1330,18
1331,17
1332,15
1333,15
1334,14
1335,14
1336,12
1337,12
1338,12
1339,14
1340,15
1341,14
1342,15
1343,15
1344,17
1345,19
1346,17
1347,16
1348,16
1349,15
1350,16
1351,14
1352,16
1353,15
1354,15
1355,14
1356,14
1357,12
1358,11
1359,12
1360,14
1361,12
1362,14
1363,12
1364,14
1365,15
1366,17
1367,16
1368,14
1369,13
1370,11
1371,10
1372,11
1373,12
1374,13
1375,15
1376,16
1377,15
1378,15
1379,15
1380,15
1381,14
1382,16
1383,15
1384,15
1385,15
1386,15
1387,13
1388,15
1389,14
1390,12
1391,14
1392,13
1393,15
1394,14
1395,14
1396,14
1397,12
1398,14
1399,12
1400,11
1401,13
1402,12
1403,11
1404,9
1405,8
1406,6
1407,4
1408,4
1409,2
1410,2
1411,1
1412,0
1413,0
1414,-2
1415,-4
1416,-5
1417,-3
1418,-3
1419,-5
1420,-7
1421,-7
1422,-8
1423,-7
1424,-5
1425,-5
1426,-6
1427,-5
1428,-5
1429,-7
1430,-6
1431,-7
1432,-8
1433,-9
1434,-9
1435,-10
1436,-12
1437,-14
1438,-15
1439,-13
1440,-15
1441,-16
1442,-15
1443,-16
1444,-18
1445,-17
1446,-16
1447,-17
1448,-15
1449,-16
1450,-15
1451,-15
1452,-14
1453,-14
1454,-16
1455,-14
1456,-12
1457,-13
1458,-12
1459,-10
1460,-9
1461,-8
1462,-8
1463,-10
1464,-12
1465,-10
1466,-9
1467,-9
1468,-7
1469,-7
1470,-8
1471,-6
1472,-5
1473,-3
1474,-3
1475,-5
1476,-3
1477,-4
1478,-3
1479,-1
1480,-1
1481,0
1482,-1
1483,-1
1484,-3
1485,-2
1486,-2
1487,-2
1488,-2
1489,-4
1490,-3
1491,-5
1492,-4
1493,-6
1494,-6
1495,-8
1496,-6
1497,-7
1498,-7
1499,-8
1500,-10
1501,-11
1502,-11
1503,-10
1504,-12
1505,-14
1506,-16
1507,-16
1508,-17
1509,-16
1510,-15
1511,-17
1512,-18
1513,-19
1514,-17
1515,-17
1516,-15
1517,-14
1518,-15
1519,-16
1520,-18
1521,-16
1522,-14
1523,-12
1524,-10
1525,-11
1526,-12
1527,-14
1528,-12
1529,-13
1530,-14
1531,-12
1532,-10
1533,-8
1534,-6
1535,-7
1536,-8
1537,-6
1538,-5
1539,-3
1540,-3
1541,-4
1542,-5
1543,-3
1544,-3
1545,-5
1546,-4
1547,-2
1548,0
1549,2
1550,0
1551,2
1552,0
1553,-1
1554,-3
1555,-1
1556,0
1557,2
1558,1
1559,3
1560,3
1561,1
1562,3
1563,2
1564,1
1565,-1
1566,-1
1567,-1
1568,-3
1569,-4
1570,-5
1571,-3
1572,-1
1573,-1
1574,-3
1575,-3
1576,-1
1577,0
1578,1
1579,2
1580,4
1581,2
1582,0
1583,2
1584,2
1585,2
1586,0
1587,0
1588,-1
1589,-1
1590,-2
1591,-1
1592,1
1593,1
1594,3
1595,1
1596,2
1597,2
1598,2
1599,0
1600,-2
1601,-4
1602,-2
1603,0
1604,2
1605,0
1606,1
1607,2
1608,0
1609,-1
1610,1
1611,1
1612,1
1613,3
1614,4
1615,6
1616,5
1617,7
1618,6
1619,4
1620,5
1621,7
1622,5
1623,5
1624,5
1625,3
1626,3
1627,3
1628,5
1629,4
1630,6
1631,5
1632,4
1633,5
1634,3
1635,1
1636,-1
1637,1
1638,-1
1639,0
1640,0
1641,2
1642,0
1643,2
1644,0
1645,1
1646,-1
1647,1
1648,3
1649,2
1650,4
1651,6
1652,7
1653,9
1654,8
1655,6
1656,5
1657,3
1658,5
1659,5
1660,6
1661,7
1662,8
1663,10
1664,11
1665,13
1666,12
1667,11
1668,9
1669,9
1670,11
1671,11
1672,10
1673,9
1674,11
1675,11
1676,10
1677,12
1678,11
1679,10
1680,11
1681,11
1682,9
1683,8
1684,7
1685,9
1686,8
1687,6
1688,5
1689,5
1690,5
1691,3
1692,1
1693,0
1694,-1
1695,0
1696,0
1697,1
1698,3
1699,5
1700,3
1701,1
1702,2
1703,3
1704,2
1705,2
1706,2
1707,0
1708,0
1709,1
1710,0
1711,-2
1712,-2
1713,-1
1714,-2
1715,-3
1716,-1
1717,1
1718,0
1719,1
1720,0
1721,-2
1722,-1
1723,0
1724,1
1725,3
1726,2
1727,0
1728,2
1729,3
1730,2
1731,4
1732,2
1733,0
1734,-2
1735,0
1736,0
1737,0
1738,2
1739,1
1740,2
1741,2
1742,1
1743,-1
1744,-1
1745,1
1746,0
1747,2
1748,3
1749,5
1750,5
1751,4
1752,2
1753,0
1754,2
1755,0
1756,-1
1757,0
1758,1
1759,0
1760,1
1761,3
1762,3
1763,4
1764,6
1765,8
1766,10
1767,12
1768,12
1769,13
1770,11
1771,9
1772,9
1773,11
1774,11
1775,9
1776,10
1777,9
1778,11
1779,13
1780,11
1781,10
1782,8
1783,8
1784,9
1785,9
1786,7
1787,6
1788,6
1789,7
1790,9
1791,7
1792,7
1793,9
1794,7
1795,9
1796,10
1797,8
1798,9
1799,9
1800,7
1801,5
1802,7
1803,8
1804,10
1805,10
1806,11
1807,9
1808,7
1809,9
1810,11
1811,11
1812,11
1813,10
1814,10
1815,8
1816,6
1817,6
1818,7
1819,7
1820,5
1821,6
1822,8
1823,8
1824,10
1825,8
1826,9
1827,9
1828,9
1829,10
1830,10
1831,10
1832,12
1833,11
1834,11
1835,12
1836,13
1837,11
1838,12
1839,10
1840,12
1841,14
1842,15
1843,16
1844,15
1845,13
1846,14
1847,15
1848,15
1849,17
1850,16
1851,16
1852,18
1853,16
1854,15
1855,16
1856,16
1857,16
1858,16
1859,18
1860,16
1861,18
1862,20
1863,22
1864,21
1865,20
1866,21
1867,20
1868,22
1869,23
1870,23
1871,21
1872,19
1873,17
1874,19
1875,20
1876,18
1877,20
1878,19
1879,21
1880,22
1881,22
1882,21
1883,21
1884,19
1885,21
1886,19
1887,19
1888,18
1889,19
1890,21
1891,21
1892,23
1893,21
1894,20
1895,18
1896,17
1897,16
1898,16
1899,14
1900,14
1901,13
1902,14
1903,14
1904,13
1905,13
1906,11
1907,12
1908,11
1909,10
1910,10
1911,10
1912,9
1913,7
1914,9
1915,8
1916,7
1917,7
1918,5
1919,6
1920,6
1921,5
1922,5
1923,4
1924,3
1925,1
1926,1
1927,-1
1928,1
1929,0
1930,0
1931,-1
1932,-1
1933,-3
1934,-5
1935,-7
1936,-7
1937,-7
1938,-6
1939,-7
1940,-9
1941,-9
1942,-8
1943,-9
1944,-9
1945,-7
1946,-5
1947,-4
1948,-3
1949,-3
1950,-2
1951,-4
1952,-6
1953,-8
1954,-6
1955,-6
1956,-7
1957,-6
1958,-6
1959,-8
1960,-6
1961,-4
1962,-3
1963,-2
1964,-2
1965,-1
1966,0
1967,-1
1968,-1
1969,0
1970,2
1971,2
1972,0
1973,0
1974,-1
1975,1
1976,3
1977,3
1978,3
1979,3
1980,5
1981,6
1982,4
1983,2
1984,3
1985,5
1986,7
1987,6
1988,6
1989,7
1990,8
1991,9
1992,11
1993,10
1994,9
1995,8
1996,7
1997,9
1998,10
1999,11
2000,11
2001,13
2002,14
2003,16
2004,16
2005,18
2006,19
2007,20
2008,19
2009,19
2010,19
2011,20
2012,18
2013,18
2014,16
2015,15
2016,16
2017,18
2018,18
2019,16
2020,18
2021,19
2022,17
2023,18
2024,20
2025,19
2026,17
2027,18
2028,18
2029,16
2030,15
2031,14
2032,16
2033,18
2034,16
2035,17
2036,15
2037,16
2038,17
2039,19
2040,18
2041,17
2042,17
2043,18
2044,16
2045,16
2046,18
2047,20
2048,21
2049,23
2050,22
2051,22
2052,22
2053,22
2054,22
2055,23
2056,21
2057,23
2058,22
2059,23
2060,25
2061,23
2062,25
2063,24
2064,26
2065,26
2066,25
2067,25
2068,23
2069,23
2070,22
2071,23
2072,24
2073,25
2074,27
2075,25
2076,25
2077,26
2078,28
2079,28
2080,30
2081,31
2082,30
2083,29
2084,29
2085,30
2086,28
2087,28
2088,26
2089,27
2090,25
2091,24
2092,25
2093,25
2094,25
2095,23
2096,25
2097,24
2098,24
2099,23
2100,24
2101,22
2102,22
2103,23
2104,21
2105,20
2106,21
2107,21
2108,20
2109,18
2110,17
2111,16
2112,17
2113,19
2114,21
2115,19
2116,21
2117,20
2118,22
2119,24
2120,22
2121,22
2122,21
2123,22
2124,24
2125,22
2126,20
2127,18
2128,19
2129,19
2130,20
2131,19
2132,19
2133,17
2134,16
2135,16
2136,17
2137,15
2138,14
2139,12
2140,12
2141,14
2142,13
2143,11
2144,9
2145,7
2146,7
2147,5
2148,5
2149,6
2150,5
2151,7
2152,5
2153,5
2154,5
2155,4
2156,2
2157,3
2158,4
2159,5
2160,5
2161,5
2162,5
2163,5
2164,7
2165,8
2166,7
2167,8
2168,6
2169,4
2170,2
2171,2
2172,4
2173,3
2174,5
2175,3
2176,4
2177,5
2178,5
2179,5
2180,5
2181,6
2182,5
2183,5
2184,4
2185,3
2186,2
2187,3
2188,5
2189,7
2190,6
2191,7
2192,8
2193,6
2194,6
2195,7
2196,9
2197,11
2198,12
2199,14
2200,16
2201,17
2202,19
2203,17
2204,16
2205,17
2206,17
2207,19
2208,19
2209,21
2210,21
2211,20
2212,21
2213,19
2214,17
2215,16
2216,15
2217,14
2218,16
2219,16
2220,17
2221,17
2222,16
2223,15
2224,16
2225,14
2226,13
2227,15
2228,17
2229,16
2230,14
2231,12
2232,11
2233,13
2234,12
2235,12
2236,10
2237,11
2238,13
2239,13
2240,11
2241,12
2242,13
2243,14
2244,15
2245,16
2246,18
2247,16
2248,16
2249,14
2250,16
2251,14
2252,16
2253,16
2254,17
2255,17
2256,18
2257,16
2258,17
2259,19
2260,18
2261,20
2262,18
2263,16
2264,17
2265,18
2266,18
2267,19
2268,20
2269,21
2270,21
2271,22
2272,21
2273,21
2274,20
2275,20
2276,21
2277,21
2278,23
2279,23
2280,25
2281,26
2282,26
2283,28
2284,27
2285,25
2286,24
2287,23
2288,23
2289,21
2290,19
2291,18
2292,17
2293,15
2294,14
2295,13
2296,14
2297,12
2298,12
2299,14
2300,16
2301,18
2302,18
2303,18
2304,20
2305,19
2306,21
2307,21
2308,22
2309,20
2310,22
2311,23
2312,25
2313,26
2314,28
2315,28
2316,26
2317,26
2318,27
2319,28
2320,30
2321,31
2322,30
2323,28
2324,27
2325,27
2326,27
2327,26
2328,28
2329,30
2330,28
2331,29
2332,27
2333,28
2334,27
2335,29
2336,31
2337,31
2338,32
2339,34
2340,35
2341,37
2342,39
2343,41
2344,41
2345,42
2346,41
2347,39
2348,38
2349,37
2350,38
2351,36
2352,35
2353,34
2354,35
2355,35
2356,33
2357,31
2358,30
2359,32
2360,31
2361,30
2362,28
2363,27
2364,26
2365,25
2366,26
2367,26
2368,24
2369,23
2370,23
2371,21
2372,22
2373,23
2374,25
2375,23
2376,23
2377,23
2378,23
2379,21
2380,22
2381,20
2382,20
2383,18
2384,19
2385,17
2386,19
2387,20
2388,18
2389,16
2390,17
2391,16
2392,18
2393,19
2394,17
2395,15
2396,14
2397,15
2398,16
2399,17
2400,16
2401,16
2402,18
2403,20
2404,18
2405,19
2406,19
2407,21
2408,20
2409,22
2410,24
2411,23
2412,23
2413,23
2414,22
2415,22
2416,22
2417,23
2418,22
2419,20
2420,18
2421,17
2422,18
2423,20
2424,19
2425,20
2426,20
2427,22
2428,23
2429,21
2430,21
2431,21
2432,23
2433,22
2434,23
2435,25
2436,25
2437,23
2438,25
2439,23
2440,23
2441,21
2442,20
2443,19
2444,21
2445,19
2446,20
2447,22
2448,23
2449,22
2450,24
2451,25
2452,25
2453,25
2454,23
2455,24
2456,25
2457,25
2458,25
2459,26
2460,28
2461,28
2462,26
2463,27
2464,28
2465,30
2466,32
2467,32
2468,31
2469,29
2470,29
2471,27
2472,26
2473,28
2474,29
2475,27
2476,29
2477,31
2478,33
2479,35
2480,33
2481,31
2482,31
2483,32
2484,30
2485,32
2486,33
2487,31
2488,30
2489,31
2490,32
2491,30
2492,28
2493,27
2494,25
2495,23
2496,23
2497,21
2498,22
2499,20
2500,18
2501,16
2502,17
2503,18
2504,17
2505,16
2506,15
2507,13
2508,11
2509,11
2510,13
2511,14
2512,15
2513,17
2514,16
2515,14
2516,15
2517,14
2518,12
2519,12
2520,14
2521,12
2522,12
2523,14
2524,15
2525,13
2526,13
2527,13
2528,11
2529,9
2530,10
2531,10
2532,10
2533,11
2534,10
2535,12
2536,14
2537,14
2538,13
2539,13
2540,15
2541,14
2542,12
2543,14
2544,14
2545,15
2546,17
2547,17
2548,19
2549,18
2550,20
2551,19
2552,21
2553,23
2554,23
2555,23
2556,25
2557,27
2558,25
2559,24
2560,23
2561,21
2562,22
2563,24
2564,25
2565,24
2566,22
2567,24
2568,22
2569,21
2570,20
2571,18
2572,20
2573,21
2574,20
2575,19
2576,20
2577,19
2578,18
2579,19
2580,21
2581,19
2582,21
2583,22
2584,24
2585,25
2586,24
2587,22
2588,23
2589,24
2590,23
2591,25
2592,26
2593,26
2594,27
2595,26
2596,27
2597,25
2598,23
2599,25
2600,25
2601,27
2602,26
2603,25
2604,27
2605,27
2606,25
2607,26
2608,24
2609,23
2610,24
2611,24
2612,25
2613,27
2614,25
2615,23
2616,23
2617,24
2618,22
2619,20
2620,19
2621,21
2622,21
2623,23
2624,24
2625,24
2626,24
2627,25
2628,26
2629,24
2630,26
2631,24
2632,23
2633,21
2634,22
2635,20
2636,18
2637,16
2638,14
2639,14
2640,15
2641,13
2642,12
2643,12
2644,14
2645,14
2646,14
2647,16
2648,16
2649,18
2650,17
2651,19
2652,17
2653,18
2654,16
2655,17
2656,16
2657,14
2658,14
2659,13
2660,13
2661,14
2662,13
2663,14
2664,16
2665,15
2666,13
2667,12
2668,12
2669,13
2670,11
2671,11
2672,12
2673,12
2674,14
2675,12
2676,11
2677,12
2678,14
2679,15
2680,13
2681,13
2682,15
2683,15
2684,14
2685,14
2686,13
2687,15
2688,17
2689,15
2690,13
2691,12
2692,13
2693,14
2694,13
2695,15
2696,17
2697,16
2698,16
2699,17
2700,19
2701,17
2702,16
2703,14
2704,16
2705,16
2706,14
2707,12
2708,13
2709,12
2710,10
2711,8
2712,9
2713,9
2714,9
2715,8
2716,7
2717,5
2718,3
2719,1
2720,1
2721,1
2722,2
2723,3
2724,1
2725,3
2726,5
2727,5
2728,3
2729,5
2730,3
2731,3
2732,5
2733,6
2734,8
2735,9
2736,10
2737,9
2738,7
2739,8
2740,8
2741,8
2742,6
2743,6
2744,8
2745,10
2746,12
2747,12
2748,10
2749,9
2750,9
2751,11
2752,13
2753,13
2754,13
2755,15
2756,14
2757,16
2758,17
2759,19
2760,20
2761,19
2762,20
2763,22
2764,24
2765,24
2766,24
2767,26
2768,27
2769,29
2770,31
2771,31
2772,30
2773,32
2774,34
2775,35
2776,37
2777,38
2778,36
2779,35
2780,35
2781,33
2782,33
2783,32
2784,32
2785,32
2786,32
2787,34
2788,33
2789,32
2790,30
2791,29
2792,29
2793,30
2794,28
2795,29
2796,27
2797,29
2798,27
2799,25
2800,26
2801,28
2802,28
2803,27
2804,26
2805,25
2806,27
2807,27
2808,27
2809,25
2810,23
2811,22
2812,20
2813,20
2814,20
2815,20
2816,19
2817,18
2818,19
2819,19
2820,19
2821,20
2822,18
2823,17
2824,18
2825,16
2826,16
2827,14
2828,13
2829,13
2830,11
2831,13
2832,12
2833,14
2834,13
2835,15
2836,14
2837,14
2838,13
2839,11
2840,11
2841,10
2842,9
2843,11
2844,10
2845,8
2846,10
2847,10
2848,9
2849,11
2850,11
2851,10
2852,8
2853,8
2854,10
2855,11
2856,9
2857,8
2858,7
2859,6
2860,7
2861,6
2862,7
2863,7
2864,6
2865,5
2866,4
2867,6
2868,7
2869,5
2870,4
2871,5
2872,6
2873,6
2874,8
2875,10
2876,12
2877,13
2878,15
2879,13
2880,14
2881,13
2882,14
2883,12
2884,10
2885,11
2886,12
2887,12
2888,14
2889,16
2890,18
2891,16
2892,17
2893,19
2894,19
2895,18
2896,16
2897,14
2898,12
2899,10
2900,8
2901,9
2902,7
2903,9
2904,7
2905,5
2906,3
2907,2
2908,3
2909,2
2910,1
2911,2
2912,4
2913,4
2914,5
2915,3
2916,1
2917,3
2918,5
2919,4
2920,2
2921,0
2922,-1
2923,-3
2924,-1
2925,-3
2926,-4
2927,-5
2928,-6
2929,-5
2930,-3
2931,-2
2932,-3
2933,-1
2934,1
2935,2
2936,4
2937,4
2938,6
2939,7
2940,8
2941,9
2942,10
2943,11
2944,11
2945,13
2946,11
2947,11
2948,12
2949,14
2950,12
2951,10
2952,8
2953,10
2954,9
2955,11
2956,13
2957,15
2958,16
2959,16
2960,17
2961,17
2962,18
2963,17
2964,16
2965,18
2966,16
2967,15
2968,14
2969,13
2970,12
2971,12
2972,11
2973,13
2974,11
2975,12
2976,10
2977,10
2978,8
2979,9
2980,8
2981,9
2982,8
2983,9
2984,9
2985,9
2986,7
2987,8
2988,7
2989,8
2990,9
2991,8
2992,6
2993,5
2994,6
2995,7
2996,5
2997,3
2998,2
2999,4
3000,5
3001,5
3002,4
3003,2
3004,4
3005,5
3006,6
3007,8
3008,6
3009,5
3010,3
3011,4
3012,6
3013,5
3014,5
3015,6
3016,4
3017,4
3018,3
3019,4
3020,2
3021,4
3022,4
3023,4
3024,4
3025,4
3026,4
3027,2
3028,2
3029,4
3030,6
3031,4
3032,5
3033,5
3034,3
3035,5
3036,5
3037,7
3038,9
3039,9
3040,9
3041,8
3042,8
3043,7
3044,9
3045,11
3046,13
3047,15
3048,14
3049,14
3050,16
3051,17
3052,19
3053,18
3054,18
3055,17
3056,18
3057,16
3058,17
3059,17
3060,16
3061,18
3062,16
3063,15
3064,14
3065,12
3066,11
3067,12
3068,11
3069,11
3070,11
3071,12
3072,13
3073,11
3074,10
3075,12
3076,14
3077,14
3078,12
3079,13
3080,11
3081,13
3082,14
3083,13
3084,14
3085,13
3086,13
3087,14
3088,15
3089,16
3090,15
3091,14
3092,14
3093,15
3094,15
3095,17
3096,18
3097,19
3098,21
3099,21
3100,21
3101,21
3102,21
3103,21
3104,21
3105,20
3106,19
3107,20
3108,21
3109,20
3110,19
3111,17
3112,18
3113,18
3114,17
3115,18
3116,19
3117,21
3118,20
3119,21
3120,21
3121,23
3122,22
3123,21
3124,21
3125,22
3126,20
3127,21
3128,23
3129,21
3130,21
3131,20
3132,22
3133,24
3134,26
3135,27
3136,25
3137,23
3138,22
3139,21
3140,23
3141,21
3142,20
3143,20
3144,20
3145,21
3146,21
3147,21
3148,23
3149,24
3150,24
3151,25
3152,23
3153,24
3154,26
3155,26
3156,27
3157,25
3158,25
3159,25
3160,25
3161,27
3162,26
3163,27
3164,26
3165,24
3166,23
3167,22
3168,22
3169,24
3170,26
3171,27
3172,29
3173,28
3174,28
3175,29
3176,31
3177,33
3178,33
3179,34
3180,35
3181,34
3182,35
3183,33
3184,35
3185,35
3186,35
3187,33
3188,33
3189,31
3190,31
3191,30
3192,32
3193,30
3194,32
3195,32
3196,32
3197,32
3198,34
3199,32
3200,32
3201,33
3202,31
3203,30
3204,29
3205,30
3206,30
3207,28
3208,28
3209,27
3210,25
3211,25
3212,26
3213,27
3214,27
3215,27
3216,26
3217,26
3218,26
3219,24
3220,24
3221,24
3222,26
3223,27
3224,27
3225,25
3226,24
3227,24
3228,25
3229,25
3230,25
3231,23
3232,23
3233,25
3234,26
3235,28
3236,28
3237,28
3238,27
3239,25
3240,27
3241,29
3242,31
3243,31
3244,33
3245,33
3246,32
3247,30
3248,32
3249,31
3250,32
3251,33
3252,31
3253,33
3254,34
3255,34
3256,36
3257,35
3258,34
3259,36
3260,34
3261,35
3262,37
3263,38
3264,39
3265,37
3266,39
3267,39
3268,39
3269,39
3270,41
3271,40
3272,39
3273,41
3274,39
3275,40
3276,41
3277,41
3278,39
3279,41
3280,42
3281,43
3282,43
3283,44
3284,46
3285,46
3286,46
3287,48
3288,47
3289,49
3290,47
3291,46
3292,48
3293,46
3294,45
3295,47
3296,45
3297,45
3298,45
3299,47
3300,45
3301,46
3302,47
3303,48
3304,48
3305,49
3306,48
3307,46
3308,44
3309,44
3310,46
3311,44
3312,44
3313,45
3314,43
3315,43
3316,44
3317,42
3318,43
3319,45
3320,44
3321,42
3322,40
3323,38
3324,36
3325,38
3326,38
3327,38
3328,37
3329,36
3330,38
3331,39
3332,41
3333,41
3334,43
3335,43
3336,41
3337,39
3338,41
3339,42
3340,44
3341,43
3342,44
3343,46
3344,48
3345,47
3346,48
3347,50
3348,49
3349,50
3350,51
3351,51
3352,52
3353,51
3354,53
3355,52
3356,52
3357,51
3358,49
3359,50
3360,52
3361,54
3362,56
3363,58
3364,57
3365,58
3366,59
3367,61
3368,59
3369,59
3370,59
3371,57
3372,58
3373,58
3374,57
3375,55
3376,56
3377,58
3378,60
3379,62
3380,62
3381,60
3382,61
3383,61
3384,62
3385,63
3386,64
3387,62
3388,61
3389,63
3390,64
3391,63
3392,64
3393,64
3394,62
3395,62
3396,62
3397,63
3398,62
3399,63
3400,63
3401,64
3402,65
3403,66
3404,64
3405,63
3406,64
3407,63
3408,61
3409,63
3410,63
3411,65
3412,64
3413,63
3414,64
3415,66
3416,65
3417,65
3418,67
3419,67
3420,68
3421,66
3422,67
3423,68
3424,70
3425,68
3426,66
3427,66
3428,64
3429,63
3430,61
3431,62
3432,61
3433,59
3434,58
3435,60
3436,59
3437,58
3438,56
3439,57
3440,57
3441,57
3442,57
3443,59
3444,57
3445,55
3446,56
3447,55
3448,57
3449,55
3450,57
3451,57
3452,55
3453,57
3454,58
3455,60
3456,58
3457,59
3458,60
3459,58
3460,58
3461,59
3462,60
3463,61
3464,62
3465,61
3466,61
3467,60
3468,62
3469,64
3470,66
3471,66
3472,66
3473,65
3474,64
3475,66
3476,68
3477,67
3478,66
3479,64
3480,65
3481,63
3482,61
3483,62
3484,64
3485,65
3486,63
3487,62
3488,61
3489,59
3490,59
3491,57
3492,59
3493,59
3494,58
3495,60
3496,62
3497,63
3498,62
3499,60
3500,58
3501,56
3502,56
3503,58
3504,60
3505,58
3506,59
3507,57
3508,59
3509,61
3510,59
3511,59
3512,58
3513,56
3514,55
3515,56
3516,54
3517,55
3518,57
3519,59
3520,60
3521,59
3522,61
3523,63
3524,62
3525,60
3526,62
3527,62
3528,61
3529,61
3530,61
3531,60
3532,62
3533,60
3534,60
3535,58
3536,58
3537,56
3538,54
3539,53
3540,53
3541,54
3542,56
3543,57
3544,55
3545,55
3546,56
3547,55
3548,55
3549,56
3550,54
3551,52
3552,51
3553,50
3554,50
3555,50
3556,50
3557,51
3558,50
3559,48
3560,46
3561,48
3562,49
3563,51
3564,50
3565,48
3566,48
3567,49
3568,47
3569,47
3570,45
3571,47
3572,45
3573,47
3574,45
3575,46
3576,45
3577,46
3578,48
3579,49
3580,50
3581,49
3582,47
3583,45
3584,45
3585,45
3586,47
3587,46
3588,46
3589,45
3590,44
3591,44
3592,42
3593,44
3594,46
3595,45
3596,44
3597,43
3598,42
3599,44
3600,42
3601,41
3602,42
3603,43
3604,41
3605,42
3606,41
3607,42
3608,44
3609,42
3610,43
3611,43
3612,44
3613,43
3614,43
3615,41
3616,39
3617,41
3618,43
3619,44
3620,42
3621,40
3622,40
3623,40
3624,40
3625,41
3626,39
3627,40
3628,39
3629,38
3630,38
3631,38
3632,36
3633,37
3634,35
3635,35
3636,36
3637,35
3638,34
3639,34
3640,35
3641,34
3642,32
3643,31
3644,33
3645,35
3646,36
3647,34
3648,32
3649,32
3650,30
