Days,Stock Price
1,2
2,3
3,1
4,0
5,0
6,2
7,2
8,3
9,2
10,2
11,2
12,2
13,1
14,3
15,2
16,3
17,4
18,6
19,8
20,10
21,9
22,7
23,5
24,4
25,6
26,5
27,3
28,4
29,4
30,4
31,5
32,4
33,3
34,4
35,4
36,2
37,2
38,2
39,3
40,1
41,3
42,3
43,4
44,4
45,5
46,7
47,5
48,6
49,8
50,8
51,8
52,6
53,6
54,8
55,7
56,8
57,8
58,10
59,9
60,11
61,10
62,12
63,12
64,14
65,15
66,15
67,13
68,11
69,13
70,11
71,12
72,13
73,11
74,10
75,9
76,10
77,8
78,9
79,9
80,11
81,11
82,10
83,10
84,9
85,10
86,8
87,10
88,8
89,7
90,5
91,3
92,1
93,1
94,3
95,5
96,5
97,4
98,6
99,8
100,6
101,4
102,4
103,3
104,3
105,4
106,4
107,2
108,4
109,4
110,6
111,4
112,4
113,3
114,5
115,6
116,8
117,6
118,4
119,3
120,2
121,2
122,3
123,2
124,4
125,5
126,6
127,5
128,7
129,7
130,6
131,4
132,6
133,4
134,3
135,2
136,4
137,2
138,4
139,2
140,4
141,5
142,5
143,4
144,3
145,3
146,3
147,3
148,5
149,5
150,7
151,7
152,9
153,11
154,10
155,9
156,9
157,11
158,13
159,13
160,14
161,12
162,14
163,15
164,16
165,16
166,15
167,15
168,15
169,13
170,15
171,16
172,15
173,14
174,14
175,16
176,14
177,16
178,18
179,17
180,18
181,16
182,18
183,20
184,22
185,20
186,18
187,18
188,20
189,18
190,17
191,17
192,17
193,15
194,15
195,13
196,13
197,15
198,17
199,16
200,15
201,16
202,18
203,20
204,20
205,21
206,20
207,20
208,22
209,20
210,22
211,22
212,22
213,20
214,22
215,21
216,19
217,21
218,19
219,18
220,17
221,16
222,14
223,13
224,12
225,10
226,11
227,9
228,8
229,9
230,8
231,8
232,9
233,10
234,12
235,12
236,11
237,11
238,9
239,8
240,10
241,9
242,10
243,9
244,10
245,12
246,14
247,12
248,14
249,12
250,11
251,11
252,10
253,11
254,12
255,10
256,11
257,11
258,9
259,11
260,11
261,11
262,13
263,11
264,9
265,7
266,8
267,7
268,7
269,5
270,7
271,8
272,9
273,7
274,6
275,7
276,9
277,7
278,8
279,9
280,7
281,6
282,7
283,9
284,11
285,10
286,12
287,13
288,11
289,13
290,15
291,15
292,14
293,15
294,13
295,14
296,15
297,13
298,13
299,13
300,13
301,12
302,12
303,12
304,11
305,12
306,10
307,9
308,11
309,12
310,14
311,13
312,15
313,17
314,15
315,13
316,12
317,11
318,12
319,11
320,10
321,8
322,7
323,9
324,10
325,9
326,7
327,9
328,10
329,10
330,11
331,9
332,10
333,9
334,9
335,7
336,9
337,9
338,8
339,6
340,6
341,6
342,6
343,5
344,5
345,7
346,6
347,4
348,3
349,3
350,4
351,6
352,6
353,8
354,6
355,6
356,6
357,4
358,5
359,3
360,5
361,5
362,3
363,4
364,2
365,4
366,2
367,1
368,2
369,3
370,3
371,1
372,1
373,0
374,-1
375,-2
376,-2
377,-4
378,-5
379,-4
380,-2
381,-4
382,-2
383,-3
384,-4
385,-4
386,-6
387,-7
388,-5
389,-3
390,-4
391,-2
392,-1
393,1
394,1
395,-1
396,-3
397,-1
398,-2
399,0
400,0
401,-2
402,0
403,2
404,1
405,2
406,1
407,3
408,1
409,3
410,5
411,7
412,6
413,5
414,5
415,6
416,7
417,7
418,9
419,9
420,10
421,10
422,9
423,10
424,9
425,7
426,5
427,7
428,9
429,11
430,12
431,13
432,15
433,15
434,16
435,17
436,17
437,16
438,18
439,18
440,16
441,17
442,16
443,16
444,15
445,16
446,16
447,15
448,16
449,15
450,14
451,15
452,13
453,15
454,17
455,19
456,17
457,19
458,20
459,19
460,20
461,19
462,17
463,18
464,19
465,17
466,18
467,19
468,18
469,18
470,16
471,15
472,15
473,15
474,16
475,18
476,18
477,16
478,16
479,16
480,17
481,18
482,17
483,19
484,20
485,18
486,19
487,17
488,16
489,15
490,16
491,14
492,16
493,17
494,15
495,17
496,18
497,16
498,16
499,15
500,15
501,16
502,17
503,19
504,19
505,20
506,18
507,20
508,19
509,20
510,22
511,21
512,22
513,20
514,18
515,17
516,17
517,15
518,16
519,17
520,18
521,18
522,16
523,16
524,14
525,14
526,16
527,15
528,15
529,14
530,16
531,15
532,14
533,14
534,13
535,14
536,15
537,16
538,14
539,16
540,17
541,19
542,17
543,17
544,19
545,20
546,18
547,19
548,20
549,22
550,23
551,25
552,24
553,23
554,24
555,25
556,23
557,23
558,22
559,23
560,25
561,24
562,26
563,24
564,22
565,22
566,21
567,22
568,23
569,22
570,22
571,21
572,19
573,17
574,15
575,14
576,15
577,14
578,13
579,14
580,14
581,16
582,16
583,17
584,17
585,18
586,19
587,20
588,18
589,18
590,19
591,18
592,19
593,21
594,23
595,24
596,24
597,24
598,26
599,26
600,27
601,28
602,26
603,24
604,25
605,24
606,25
607,24
608,24
609,26
610,26
611,25
612,23
613,22
614,21
615,22
616,24
617,26
618,27
619,27
620,26
621,25
622,23
623,22
624,20
625,22
626,22
627,24
628,25
629,26
630,25
631,24
632,23
633,23
634,24
635,22
636,20
637,19
638,20
639,22
640,20
641,20
642,18
643,19
644,21
645,20
646,21
647,19
648,19
649,18
650,18
651,17
652,17
653,15
654,15
655,17
656,16
657,15
658,17
659,15
660,17
661,17
662,16
663,15
664,14
665,12
666,13
667,12
668,13
669,12
670,10
671,12
672,14
673,14
674,16
675,14
676,15
677,15
678,13
679,12
680,13
681,11
682,11
683,11
684,9
685,8
686,9
687,8
688,9
689,11
690,10
691,12
692,12
693,10
694,10
695,8
696,8
697,6
698,6
699,4
700,6
701,8
702,7
703,5
704,5
705,3
706,1
707,1
708,3
709,3
710,1
711,3
712,3
713,5
714,6
715,8
716,7
717,7
718,6
719,5
720,4
721,6
722,6
723,7
724,6
725,4
726,3
727,4
728,2
729,0
730,2
731,4
732,6
733,6
734,5
735,6
736,7
737,6
738,7
739,9
740,8
741,9
742,11
743,12
744,10
745,10
746,8
747,7
748,9
749,8
750,10
751,9
752,9
753,8
754,7
755,9
756,8
757,8
758,10
759,12
760,12
761,10
762,8
763,10
764,11
765,11
766,13
767,14
768,12
769,14
770,14
771,13
772,11
773,10
774,8
775,6
776,8
777,6
778,7
779,5
780,6
781,6
782,5
783,5
784,3
785,1
786,2
787,4
788,6
789,7
790,8
791,10
792,8
793,9
794,7
795,8
796,8
797,7
798,6
799,7
800,6
801,8
802,10
803,9
804,7
805,6
806,7
807,6
808,7
809,6
810,6
811,7
812,8
813,6
814,7
815,5
816,3
817,2
818,4
819,4
820,3
821,3
822,2
823,2
824,3
825,2
826,0
827,0
828,0
829,2
830,0
831,-2
832,-1
833,-1
834,0
835,-2
836,-4
837,-5
838,-5
839,-3
840,-3
841,-4
842,-2
843,-2
844,-3
845,-3
846,-2
847,0
848,-1
849,-1
850,-2
851,0
852,0
853,2
854,1
855,1
856,-1
857,1
858,3
859,5
860,6
861,4
862,4
863,5
864,7
865,5
866,6
867,8
868,8
869,6
870,7
871,6
872,5
873,3
874,5
875,3
876,3
877,5
878,7
879,5
880,4
881,4
882,2
883,0
884,-1
885,0
886,0
887,1
888,1
889,1
890,3
891,3
892,5
893,4
894,2
895,3
896,3
897,5
898,5
899,7
900,6
901,7
902,7
903,5
904,3
905,2
906,0
907,2
908,0
909,-1
910,-3
911,-1
912,0
913,-2
914,0
915,-1
916,0
917,2
918,4
919,5
920,6
921,7
922,5
923,5
924,3
925,4
926,4
927,6
928,8
929,7
930,5
931,5
932,7
933,7
934,7
935,6
936,5
937,7
938,6
939,7
940,7
941,6
942,6
943,6
944,7
945,9
946,10
947,9
948,7
949,9
950,11
951,12
952,10
953,10
954,8
955,8
956,8
957,8
958,7
959,6
960,7
961,6
962,7
963,5
964,3
965,4
966,3
967,2
968,4
969,6
970,4
971,4
972,2
973,4
974,6
975,7
976,5
977,3
978,3
979,1
980,0
981,1
982,2
983,1
984,-1
985,-3
986,-2
987,0
988,2
989,1
990,-1
991,0
992,2
993,1
994,-1
995,-3
996,-1
997,0
998,-1
999,0
1000,1
1001,2
1002,2
1003,0
1004,1
1005,1
1006,3
1007,4
1008,6
1009,7
1010,6
1011,4
1012,3
1013,5
1014,7
1015,9
1016,9
1017,9
1018,10
1019,9
1020,8
1021,10
1022,12
1023,10
1024,8
1025,7
1026,5
1027,4
1028,4
1029,6
1030,8
1031,8
1032,8
1033,10
1034,10
1035,10
1036,9
1037,10
1038,11
1039,11
1040,10
1041,12
1042,14
1043,12
1044,10
1045,11
1046,13
1047,13
1048,14
1049,14
1050,16
1051,18
1052,19
1053,17
1054,19
1055,17
1056,19
1057,19
1058,18
1059,17
1060,16
1061,17
1062,15
1063,16
1064,16
1065,16
1066,17
1067,15
1068,16
1069,15
1070,17
1071,16
1072,16
1073,17
1074,16
1075,16
1076,16
1077,16
1078,16
1079,16
1080,16
1081,15
1082,14
1083,14
1084,15
1085,15
1086,16
1087,16
1088,18
1089,17
1090,15
1091,13
1092,12
1093,10
1094,9
1095,7
1096,5
1097,7
1098,7
1099,8
1100,8
1101,7
1102,6
1103,8
1104,6
1105,4
1106,5
1107,7
1108,7
1109,5
1110,6
1111,8
1112,7
1113,9
1114,9
1115,7
1116,6
1117,6
1118,8
1119,9
1120,10
1121,8
1122,9
1123,9
1124,7
1125,6
1126,6
1127,4
1128,4
1129,2
1130,0
1131,-1
1132,0
1133,2
1134,0
1135,1
1136,3
1137,5
1138,7
1139,6
1140,5
1141,7
1142,6
1143,7
1144,8
1145,6
1146,4
1147,4
1148,4
1149,6
1150,4
1151,4
1152,3
1153,1
1154,0
1155,0
1156,2
1157,4
1158,6
1159,5
1160,4
1161,4
1162,5
1163,7
1164,6
1165,4
1166,2
1167,0
1168,-1
1169,-2
1170,-3
1171,-2
1172,-3
1173,-1
1174,0
1175,-1
1176,-2
1177,-4
1178,-6
1179,-8
1180,-6
1181,-6
1182,-8
1183,-7
1184,-6
1185,-7
1186,-9
1187,-7
1188,-7
1189,-8
1190,-10
1191,-12
1192,-11
1193,-13
1194,-15
1195,-16
1196,-15
1197,-15
1198,-16
1199,-14
1200,-16
1201,-18
1202,-18
1203,-19
1204,-20
1205,-20
1206,-22
1207,-24
1208,-24
1209,-26
1210,-26
1211,-24
1212,-23
1213,-23
1214,-23
1215,-22
1216,-23
1217,-21
1218,-21
1219,-23
1220,-25
1221,-23
1222,-24
1223,-25
1224,-27
1225,-26
1226,-26
1227,-25
1228,-25
1229,-26
1230,-24
1231,-24
1232,-23
1233,-21
1234,-22
1235,-23
1236,-24
1237,-25
1238,-24
1239,-22
1240,-23
1241,-24
1242,-26
1243,-27
1244,-26
1245,-26
1246,-24
1247,-25
1248,-26
1249,-27
1250,-27
1251,-26
1252,-27
1253,-26
1254,-24
1255,-23
1256,-22
1257,-20
1258,-19
1259,-21
1260,-21
1261,-21
1262,-21
1263,-23
1264,-24
1265,-23
1266,-22
1267,-21
1268,-19
1269,-19
1270,-17
1271,-16
1272,-18
1273,-16
1274,-14
1275,-16
1276,-15
1277,-16
1278,-16
1279,-14
1280,-14
1281,-12
1282,-12
1283,-14
1284,-12
1285,-10
1286,-9
1287,-7
1288,-6
1289,-7
1290,-5
1291,-7
1292,-5
1293,-6
1294,-6
1295,-6
1296,-6
1297,-6
1298,-6
1299,-5
1300,-6
1301,-7
1302,-8
1303,-9
1304,-9
1305,-8
1306,-6
1307,-8
1308,-6
1309,-7
1310,-8
1311,-7
1312,-7
1313,-8
1314,-6
1315,-5
1316,-5
1317,-3
1318,-3
1319,-5
1320,-4
1321,-5
1322,-5
1323,-3
1324,-1
1325,-2
1326,-3
1327,-2
1328,-4
1329,-2
1330,-2
1331,-2
1332,-2
1333,-4
1334,-6
1335,-8
1336,-10
1337,-8
1338,-8
1339,-6
1340,-6
1341,-7
1342,-9
1343,-7
1344,-5
1345,-6
1346,-6
1347,-7
1348,-9
1349,-10
1350,-9
1351,-11
1352,-11
1353,-13
1354,-11
1355,-9
1356,-8
1357,-7
1358,-7
1359,-6
1360,-6
1361,-7
1362,-9
1363,-7
1364,-7
1365,-6
1366,-7
1367,-7
1368,-5
1369,-6
1370,-4
1371,-4
1372,-2
1373,-3
1374,-2
1375,-1
1376,-1
1377,0
1378,2
1379,4
1380,6
1381,6
1382,4
1383,6
1384,8
1385,7
1386,8
1387,8
1388,10
1389,10
1390,8
1391,7
1392,9
1393,10
1394,11
1395,10
1396,11
1397,10
1398,8
1399,8
1400,10
1401,9
1402,8
1403,9
1404,9
1405,9
1406,8
1407,10
1408,8
1409,8
1410,10
1411,9
1412,8
1413,7
1414,5
1415,3
1416,3
1417,1
1418,3
1419,3
1420,4
1421,4
1422,2
1423,2
1424,0
1425,1
1426,-1
1427,-3
1428,-3
1429,-3
1430,-1
1431,-2
1432,0
1433,-1
1434,-1
1435,-2
1436,-1
1437,-3
1438,-4
1439,-6
1440,-5
1441,-5
1442,-4
1443,-5
1444,-4
1445,-5
1446,-5
1447,-7
1448,-8
1449,-7
1450,-7
1451,-8
1452,-10
1453,-9
1454,-11
1455,-11
1456,-10
1457,-12
1458,-12
1459,-12
1460,-11
1461,-11
1462,-12
1463,-12
1464,-14
1465,-13
1466,-15
1467,-17
1468,-16
1469,-17
1470,-17
1471,-18
1472,-17
1473,-19
1474,-21
1475,-20
1476,-21
1477,-19
1478,-17
1479,-19
1480,-19
1481,-20
1482,-21
1483,-20
1484,-21
1485,-21
1486,-21
1487,-21
1488,-19
1489,-19
1490,-17
1491,-15
1492,-13
1493,-15
1494,-14
1495,-15
1496,-14
1497,-12
1498,-11
1499,-9
1500,-9
1501,-11
1502,-11
1503,-10
1504,-12
1505,-12
1506,-13
1507,-11
1508,-12
1509,-12
1510,-10
1511,-8
1512,-9
1513,-9
1514,-7
1515,-7
1516,-8
1517,-9
1518,-10
1519,-9
1520,-11
1521,-10
1522,-8
1523,-9
1524,-8
1525,-7
1526,-7
1527,-5
1528,-3
1529,-5
1530,-7
1531,-6
1532,-6
1533,-6
1534,-7
1535,-9
1536,-11
1537,-13
1538,-11
1539,-12
1540,-12
1541,-14
1542,-14
1543,-13
1544,-11
1545,-12
1546,-11
1547,-12
1548,-14
1549,-15
1550,-16
1551,-18
1552,-16
1553,-18
1554,-18
1555,-20
1556,-19
1557,-20
1558,-18
1559,-16
1560,-14
1561,-12
1562,-11
1563,-12
1564,-11
1565,-12
1566,-13
1567,-12
1568,-11
1569,-13
1570,-13
1571,-12
1572,-12
1573,-10
1574,-9
1575,-9
1576,-8
1577,-9
1578,-11
1579,-10
1580,-12
1581,-13
1582,-15
1583,-13
1584,-14
1585,-12
1586,-10
1587,-10
1588,-11
1589,-13
1590,-14
1591,-16
1592,-17
1593,-18
1594,-19
1595,-21
1596,-23
1597,-25
1598,-24
1599,-23
1600,-23
1601,-25
1602,-24
1603,-26
1604,-26
1605,-26
1606,-24
1607,-26
1608,-28
1609,-26
1610,-28
1611,-30
1612,-32
1613,-34
1614,-36
1615,-37
1616,-39
1617,-37
1618,-39
1619,-38
1620,-38
1621,-38
1622,-40
1623,-39
1624,-41
1625,-42
1626,-41
1627,-41
1628,-40
1629,-38
1630,-37
1631,-38
1632,-39
1633,-40
1634,-41
1635,-40
1636,-39
1637,-41
1638,-43
1639,-44
1640,-45
1641,-47
1642,-48
1643,-49
1644,-48
1645,-47
1646,-45
1647,-44
1648,-46
1649,-48
1650,-47
1651,-47
1652,-45
1653,-44
1654,-46
1655,-47
1656,-48
1657,-49
1658,-47
1659,-49
1660,-49
1661,-49
1662,-50
1663,-49
1664,-51
1665,-49
1666,-47
1667,-48
1668,-49
1669,-50
1670,-50
1671,-50
1672,-50
1673,-49
1674,-51
1675,-53
1676,-53
1677,-54
1678,-56
1679,-54
1680,-55
1681,-54
1682,-55
1683,-55
1684,-54
1685,-55
1686,-56
1687,-54
1688,-52
1689,-54
1690,-55
1691,-56
1692,-54
1693,-54
1694,-54
1695,-55
1696,-56
1697,-55
1698,-55
1699,-53
1700,-51
1701,-52
1702,-53
1703,-52
1704,-54
1705,-53
1706,-55
1707,-53
1708,-55
1709,-57
1710,-56
1711,-55
1712,-57
1713,-58
1714,-59
1715,-61
1716,-59
1717,-59
1718,-61
1719,-59
1720,-57
1721,-58
1722,-58
1723,-60
1724,-61
1725,-62
1726,-63
1727,-61
1728,-59
1729,-60
1730,-58
1731,-59
1732,-59
1733,-59
1734,-60
1735,-58
1736,-59
1737,-59
1738,-61
1739,-60
1740,-58
1741,-60
1742,-61
1743,-63
1744,-64
1745,-64
1746,-64
1747,-65
1748,-66
1749,-64
1750,-64
1751,-64
1752,-65
1753,-63
1754,-61
1755,-59
1756,-58
1757,-57
1758,-56
1759,-56
1760,-54
1761,-52
1762,-54
1763,-53
1764,-51
1765,-51
1766,-50
1767,-50
1768,-48
1769,-50
1770,-52
1771,-54
1772,-55
1773,-56
1774,-56
1775,-54
1776,-55
1777,-57
1778,-57
1779,-55
1780,-53
1781,-54
1782,-54
1783,-54
1784,-53
1785,-54
1786,-55
1787,-56
1788,-57
1789,-57
1790,-59
1791,-61
1792,-60
1793,-61
1794,-59
1795,-59
1796,-61
1797,-59
1798,-57
1799,-55
1800,-53
1801,-51
1802,-52
1803,-52
1804,-53
1805,-51
1806,-49
1807,-47
1808,-45
1809,-44
1810,-43
1811,-42
1812,-44
1813,-46
1814,-47
1815,-46
1816,-44
1817,-42
1818,-40
1819,-42
1820,-43
1821,-41
1822,-40
1823,-42
1824,-42
1825,-40
1826,-38
1827,-38
1828,-37
1829,-35
1830,-34
1831,-32
1832,-34
1833,-36
1834,-34
1835,-35
1836,-33
1837,-35
1838,-37
1839,-36
1840,-35
1841,-36
1842,-35
1843,-37
1844,-36
1845,-34
1846,-33
1847,-33
1848,-31
1849,-29
1850,-31
1851,-31
1852,-32
1853,-34
1854,-32
1855,-31
1856,-29
1857,-27
1858,-28
1859,-26
1860,-28
1861,-29
1862,-31
1863,-33
1864,-34
1865,-35
1866,-33
1867,-33
1868,-34
1869,-35
1870,-37
1871,-37
1872,-37
1873,-35
1874,-35
1875,-36
1876,-38
1877,-37
1878,-39
1879,-40
1880,-40
1881,-40
1882,-41
1883,-40
1884,-40
1885,-42
1886,-40
1887,-41
1888,-42
1889,-42
1890,-42
1891,-41
1892,-40
1893,-39
1894,-37
1895,-37
1896,-38
1897,-40
1898,-38
1899,-40
1900,-39
1901,-41
1902,-41
1903,-42
1904,-43
1905,-44
1906,-42
1907,-41
1908,-39
1909,-40
1910,-42
1911,-42
1912,-40
1913,-41
1914,-41
1915,-40
1916,-39
1917,-40
1918,-40
1919,-42
1920,-41
1921,-39
1922,-41
1923,-39
1924,-37
1925,-38
1926,-39
1927,-40
1928,-41
1929,-43
1930,-44
1931,-46
1932,-46
1933,-48
1934,-47
1935,-49
1936,-50
1937,-48
1938,-46
1939,-47
1940,-49
1941,-47
1942,-49
1943,-50
1944,-50
1945,-50
1946,-52
1947,-54
1948,-55
1949,-55
1950,-55
1951,-53
1952,-52
1953,-51
1954,-50
1955,-49
1956,-50
1957,-48
1958,-49
1959,-48
1960,-48
1961,-48
1962,-50
1963,-48
1964,-48
1965,-50
1966,-52
1967,-51
1968,-52
1969,-50
1970,-51
1971,-50
1972,-52
1973,-53
1974,-55
1975,-53
1976,-54
1977,-54
1978,-52
1979,-52
1980,-53
1981,-51
1982,-50
1983,-48
1984,-46
1985,-44
1986,-42
1987,-44
1988,-46
1989,-48
1990,-50
1991,-50
1992,-50
1993,-50
1994,-50
1995,-51
1996,-51
1997,-49
1998,-49
1999,-48
2000,-50
2001,-52
2002,-52
2003,-54
2004,-54
2005,-52
2006,-50
2007,-52
2008,-51
2009,-53
2010,-53
2011,-51
2012,-52
2013,-54
2014,-53
2015,-55
2016,-56
2017,-55
2018,-54
2019,-54
2020,-53
2021,-55
2022,-53
2023,-52
2024,-51
2025,-50
2026,-51
2027,-53
2028,-51
2029,-53
2030,-54
2031,-52
2032,-53
2033,-55
2034,-56
2035,-58
2036,-59
2037,-59
2038,-61
2039,-59
2040,-61
2041,-59
2042,-58
2043,-59
2044,-57
2045,-56
2046,-54
2047,-53
2048,-54
2049,-52
2050,-54
2051,-54
2052,-52
2053,-53
2054,-53
2055,-53
2056,-53
2057,-55
2058,-57
2059,-58
2060,-59
2061,-58
2062,-57
2063,-55
2064,-54
2065,-52
2066,-50
2067,-51
2068,-49
2069,-50
2070,-52
2071,-50
2072,-52
2073,-54
2074,-56
2075,-57
2076,-56
2077,-57
2078,-55
2079,-55
2080,-57
2081,-58
2082,-56
2083,-56
2084,-55
2085,-54
2086,-52
2087,-52
2088,-51
2089,-52
2090,-51
2091,-52
2092,-50
2093,-51
2094,-53
2095,-51
2096,-50
2097,-51
2098,-53
2099,-53
2100,-51
2101,-53
2102,-54
2103,-52
2104,-54
2105,-53
2106,-52
2107,-53
2108,-53
2109,-53
2110,-52
2111,-50
2112,-51
2113,-51
2114,-52
2115,-50
2116,-50
2117,-49
2118,-50
2119,-52
2120,-50
2121,-51
2122,-51
2123,-49
2124,-51
2125,-49
2126,-48
2127,-47
2128,-46
2129,-44
2130,-44
2131,-44
2132,-45
2133,-47
2134,-45
2135,-43
2136,-45
2137,-45
2138,-47
2139,-47
2140,-48
2141,-47
2142,-45
2143,-45
2144,-45
2145,-47
2146,-46
2147,-44
2148,-46
2149,-44
2150,-45
2151,-47
2152,-46
2153,-48
2154,-49
2155,-48
2156,-50
2157,-48
2158,-47
2159,-49
2160,-51
2161,-51
2162,-51
2163,-49
2164,-49
2165,-50
2166,-49
2167,-49
2168,-51
2169,-50
2170,-50
2171,-50
2172,-49
2173,-50
2174,-48
2175,-50
2176,-49
2177,-48
2178,-49
2179,-47
2180,-45
2181,-45
2182,-46
2183,-46
2184,-45
2185,-45
2186,-45
2187,-47
2188,-46
2189,-46
2190,-48
2191,-46
2192,-44
2193,-42
2194,-44
2195,-43
2196,-42
2197,-41
2198,-40
2199,-39
2200,-38
2201,-40
2202,-42
2203,-41
2204,-40
2205,-42
2206,-41
2207,-40
2208,-39
2209,-40
2210,-38
2211,-36
2212,-35
2213,-37
2214,-37
2215,-36
2216,-34
2217,-35
2218,-34
2219,-33
2220,-31
2221,-33
2222,-31
2223,-33
2224,-35
2225,-33
2226,-31
2227,-30
2228,-28
2229,-28
2230,-27
2231,-27
2232,-25
2233,-23
2234,-25
2235,-25
2236,-23
2237,-25
2238,-27
2239,-25
2240,-24
2241,-24
2242,-23
2243,-22
2244,-22
2245,-22
2246,-22
2247,-20
2248,-18
2249,-18
2250,-16
2251,-18
2252,-17
2253,-19
2254,-21
2255,-23
2256,-24
2257,-22
2258,-24
2259,-26
2260,-25
2261,-24
2262,-22
2263,-22
2264,-22
2265,-23
2266,-24
2267,-23
2268,-22
2269,-20
2270,-18
2271,-19
2272,-20
2273,-22
2274,-20
2275,-22
2276,-20
2277,-19
2278,-17
2279,-19
2280,-20
2281,-19
2282,-21
2283,-22
2284,-21
2285,-20
2286,-19
2287,-17
2288,-17
2289,-19
2290,-20
2291,-21
2292,-20
2293,-22
2294,-24
2295,-23
2296,-24
2297,-24
2298,-23
2299,-21
2300,-22
2301,-24
2302,-24
2303,-24
2304,-26
2305,-26
2306,-26
2307,-27
2308,-27
2309,-25
2310,-25
2311,-24
2312,-24
2313,-24
2314,-25
2315,-24
2316,-26
2317,-24
2318,-22
2319,-24
2320,-22
2321,-23
2322,-22
2323,-24
2324,-25
2325,-24
2326,-26
2327,-28
2328,-28
2329,-27
2330,-28
2331,-27
2332,-26
2333,-24
2334,-24
2335,-26
2336,-25
2337,-25
2338,-25
2339,-27
2340,-28
2341,-26
2342,-27
2343,-29
2344,-28
2345,-26
2346,-25
2347,-26
2348,-24
2349,-23
2350,-22
2351,-24
2352,-25
2353,-26
2354,-28
2355,-26
2356,-27
2357,-29
2358,-27
2359,-25
2360,-26
2361,-25
2362,-23
2363,-24
2364,-22
2365,-20
2366,-20
2367,-18
2368,-19
2369,-20
2370,-21
2371,-19
2372,-19
2373,-19
2374,-17
2375,-17
2376,-17
2377,-19
2378,-18
2379,-17
2380,-19
2381,-20
2382,-22
2383,-23
2384,-21
2385,-22
2386,-24
2387,-23
2388,-22
2389,-22
2390,-22
2391,-23
2392,-25
2393,-24
2394,-23
2395,-21
2396,-21
2397,-21
2398,-20
2399,-22
2400,-24
2401,-22
2402,-20
2403,-20
2404,-18
2405,-16
2406,-17
2407,-16
2408,-17
2409,-17
2410,-16
2411,-17
2412,-19
2413,-18
2414,-16
2415,-18
2416,-19
2417,-20
2418,-19
2419,-21
2420,-20
2421,-20
2422,-19
2423,-21
2424,-21
2425,-20
2426,-18
2427,-20
2428,-22
2429,-20
2430,-22
2431,-22
2432,-23
2433,-23
2434,-21
2435,-21
2436,-20
2437,-19
2438,-19
2439,-17
2440,-19
2441,-21
2442,-21
2443,-23
2444,-22
2445,-21
2446,-21
2447,-23
2448,-21
2449,-23
2450,-23
2451,-22
2452,-20
2453,-20
2454,-22
2455,-22
2456,-23
2457,-23
2458,-21
2459,-22
2460,-23
2461,-24
2462,-22
2463,-20
2464,-19
2465,-21
2466,-20
2467,-21
2468,-20
2469,-22
2470,-22
2471,-24
2472,-26
2473,-24
2474,-25
2475,-26
2476,-26
2477,-25
2478,-24
2479,-22
2480,-23
2481,-23
2482,-21
2483,-21
2484,-19
2485,-17
2486,-18
2487,-20
2488,-21
2489,-23
2490,-21
2491,-23
2492,-23
2493,-22
2494,-20
2495,-20
2496,-22
2497,-21
2498,-22
2499,-23
2500,-25
2501,-24
2502,-25
2503,-24
2504,-26
2505,-24
2506,-25
2507,-23
2508,-25
2509,-23
2510,-22
2511,-21
2512,-22
2513,-22
2514,-24
2515,-26
2516,-24
2517,-24
2518,-23
2519,-25
2520,-23
2521,-23
2522,-25
2523,-26
2524,-26
2525,-26
2526,-27
2527,-25
2528,-25
2529,-25
2530,-27
2531,-27
2532,-27
2533,-25
2534,-25
2535,-25
2536,-27
2537,-26
2538,-24
2539,-26
2540,-26
2541,-24
2542,-23
2543,-25
2544,-25
2545,-23
2546,-22
2547,-21
2548,-20
2549,-21
2550,-20
2551,-20
2552,-22
2553,-20
2554,-21
2555,-21
2556,-20
2557,-20
2558,-21
2559,-23
2560,-24
2561,-22
2562,-20
2563,-19
2564,-18
2565,-18
2566,-17
2567,-16
2568,-18
2569,-16
2570,-17
2571,-16
2572,-15
2573,-13
2574,-12
2575,-12
2576,-14
2577,-13
2578,-15
2579,-17
2580,-15
2581,-13
2582,-12
2583,-10
2584,-12
2585,-13
2586,-12
2587,-11
2588,-10
2589,-12
2590,-14
2591,-15
2592,-13
2593,-11
2594,-12
2595,-10
2596,-11
2597,-9
2598,-7
2599,-7
2600,-9
2601,-11
2602,-11
2603,-9
2604,-9
2605,-9
2606,-10
2607,-8
2608,-9
2609,-7
2610,-7
2611,-7
2612,-6
2613,-8
2614,-8
2615,-10
2616,-11
2617,-13
2618,-15
2619,-16
2620,-16
2621,-18
2622,-16
2623,-15
2624,-13
2625,-15
2626,-13
2627,-14
2628,-14
2629,-12
2630,-14
2631,-14
2632,-15
2633,-15
2634,-14
2635,-16
2636,-17
2637,-19
2638,-21
2639,-21
2640,-22
2641,-22
2642,-22
2643,-23
2644,-21
2645,-19
2646,-20
2647,-20
2648,-21
2649,-22
2650,-24
2651,-25
2652,-24
2653,-22
2654,-20
2655,-20
2656,-21
2657,-22
2658,-24
2659,-23
2660,-25
2661,-25
2662,-24
2663,-25
2664,-26
2665,-27
2666,-25
2667,-24
2668,-23
2669,-21
2670,-21
2671,-19
2672,-18
2673,-16
2674,-18
2675,-16
2676,-18
2677,-17
2678,-16
2679,-14
2680,-15
2681,-14
2682,-14
2683,-12
2684,-10
2685,-9
2686,-7
2687,-9
2688,-7
2689,-8
2690,-9
2691,-7
2692,-5
2693,-3
2694,-2
2695,-4
2696,-4
2697,-4
2698,-6
2699,-7
2700,-6
2701,-8
2702,-8
2703,-7
2704,-5
2705,-7
2706,-7
2707,-7
2708,-6
2709,-8
2710,-9
2711,-11
2712,-13
2713,-15
2714,-16
2715,-17
2716,-16
2717,-18
2718,-19
2719,-18
2720,-18
2721,-16
2722,-16
2723,-15
2724,-17
2725,-17
2726,-19
2727,-18
2728,-16
2729,-17
2730,-18
2731,-16
2732,-15
2733,-17
2734,-17
2735,-17
2736,-19
2737,-20
2738,-21
2739,-22
2740,-21
2741,-19
2742,-20
2743,-22
2744,-20
2745,-20
2746,-21
2747,-20
2748,-22
2749,-21
2750,-22
2751,-20
2752,-18
2753,-20
2754,-20
2755,-22
2756,-21
2757,-19
2758,-21
2759,-19
2760,-19
2761,-18
2762,-19
2763,-21
2764,-20
2765,-19
2766,-21
2767,-22
2768,-22
2769,-23
2770,-23
2771,-23
2772,-24
2773,-26
2774,-25
2775,-25
2776,-23
2777,-21
2778,-23
2779,-21
2780,-19
2781,-18
2782,-20
2783,-18
2784,-16
2785,-14
2786,-15
2787,-13
2788,-11
2789,-12
2790,-11
2791,-12
2792,-13
2793,-11
2794,-9
2795,-10
2796,-12
2797,-10
2798,-10
2799,-8
2800,-8
2801,-9
2802,-10
2803,-9
2804,-10
2805,-8
2806,-9
2807,-10
2808,-11
2809,-10
2810,-10
2811,-12
2812,-12
2813,-14
2814,-15
2815,-16
2816,-14
2817,-14
2818,-16
2819,-18
2820,-20
2821,-22
2822,-20
2823,-21
2824,-23
2825,-22
2826,-21
2827,-21
2828,-21
2829,-21
2830,-22
2831,-20
2832,-18
2833,-16
2834,-18
2835,-18
2836,-16
2837,-15
2838,-17
2839,-17
2840,-18
2841,-17
2842,-17
2843,-19
2844,-21
2845,-19
2846,-20
2847,-18
2848,-19
2849,-18
2850,-20
2851,-18
2852,-16
2853,-14
2854,-16
2855,-17
2856,-15
2857,-17
2858,-19
2859,-20
2860,-22
2861,-21
2862,-21
2863,-19
2864,-19
2865,-17
2866,-16
2867,-15
2868,-15
2869,-13
2870,-15
2871,-16
2872,-14
2873,-13
2874,-14
2875,-12
2876,-10
2877,-12
2878,-14
2879,-14
2880,-13
2881,-15
2882,-16
2883,-14
2884,-15
2885,-13
2886,-13
2887,-15
2888,-16
2889,-16
2890,-15
2891,-16
2892,-18
2893,-17
2894,-17
2895,-19
2896,-19
2897,-20
2898,-19
2899,-19
2900,-21
2901,-19
2902,-21
2903,-22
2904,-20
2905,-19
2906,-21
2907,-20
2908,-19
2909,-21
2910,-23
2911,-21
2912,-20
2913,-18
2914,-17
2915,-18
2916,-17
2917,-16
2918,-16
2919,-14
2920,-16
2921,-16
2922,-17
2923,-16
2924,-18
2925,-17
2926,-16
2927,-18
2928,-19
2929,-18
2930,-16
2931,-15
2932,-13
2933,-11
2934,-9
2935,-8
2936,-8
2937,-9
2938,-8
2939,-7
2940,-7
2941,-8
2942,-8
2943,-8
2944,-10
2945,-10
2946,-9
2947,-8
2948,-10
2949,-10
2950,-8
2951,-7
2952,-9
2953,-11
2954,-10
2955,-10
2956,-11
2957,-10
2958,-10
2959,-8
2960,-9
2961,-10
2962,-9
2963,-10
2964,-10
2965,-10
2966,-11
2967,-11
2968,-9
2969,-11
2970,-13
2971,-12
2972,-11
2973,-9
2974,-11
2975,-10
2976,-11
2977,-13
2978,-12
2979,-10
2980,-9
2981,-9
2982,-7
2983,-6
2984,-8
2985,-8
2986,-8
2987,-9
2988,-11
2989,-13
2990,-13
2991,-12
2992,-11
2993,-13
2994,-14
2995,-13
2996,-15
2997,-14
2998,-16
2999,-17
3000,-19
3001,-19
3002,-17
3003,-16
3004,-17
3005,-18
3006,-17
3007,-17
3008,-18
3009,-19
3010,-18
3011,-19
3012,-21
3013,-21
3014,-22
3015,-24
3016,-25
3017,-23
3018,-22
3019,-23
3020,-24
3021,-25
3022,-25
3023,-26
3024,-25
3025,-24
3026,-22
3027,-21
3028,-20
3029,-18
3030,-16
3031,-18
3032,-17
3033,-19
3034,-21
3035,-19
3036,-18
3037,-17
3038,-15
3039,-15
3040,-16
3041,-16
3042,-15
3043,-15
3044,-17
3045,-19
3046,-17
3047,-16
3048,-17
3049,-16
3050,-18
3051,-18
3052,-19
3053,-17
3054,-16
3055,-14
3056,-14
3057,-13
3058,-12
3059,-11
3060,-9
3061,-7
3062,-6
3063,-5
3064,-7
3065,-5
3066,-5
3067,-4
3068,-2
3069,-3
3070,-5
3071,-6
3072,-7
3073,-8
3074,-10
3075,-9
3076,-10
3077,-8
3078,-9
3079,-9
3080,-7
3081,-6
3082,-7
3083,-7
3084,-7
3085,-5
3086,-5
3087,-5
3088,-3
3089,-5
3090,-7
3091,-5
3092,-6
3093,-5
3094,-3
3095,-4
3096,-2
3097,-3
3098,-3
3099,-1
3100,-3
3101,-3
3102,-3
3103,-2
3104,-1
3105,1
3106,0
3107,-1
3108,-3
3109,-1
3110,-3
3111,-3
3112,-2
3113,-3
3114,-1
3115,-1
3116,-2
3117,-3
3118,-1
3119,-3
3120,-2
3121,0
3122,-1
3123,-3
3124,-5
3125,-7
3126,-6
3127,-7
3128,-5
3129,-7
3130,-7
3131,-8
3132,-7
3133,-5
3134,-3
3135,-2
3136,-4
3137,-4
3138,-4
3139,-5
3140,-4
3141,-4
3142,-3
3143,-2
3144,0
3145,0
3146,-1
3147,-1
3148,-2
3149,-4
3150,-2
3151,0
3152,0
3153,-1
3154,1
3155,3
3156,2
3157,3
3158,3
3159,3
3160,1
3161,-1
3162,0
3163,-2
3164,0
3165,2
3166,4
3167,4
3168,5
3169,6
3170,7
3171,7
3172,5
3173,6
3174,4
3175,3
3176,1
3177,2
3178,0
3179,1
3180,3
3181,1
3182,2
3183,3
3184,2
3185,4
3186,6
3187,8
3188,10
3189,9
3190,9
3191,7
3192,6
3193,6
3194,4
3195,5
3196,7
3197,6
3198,4
3199,4
3200,3
3201,1
3202,0
3203,0
3204,1
3205,1
3206,-1
3207,-3
3208,-5
3209,-6
3210,-4
3211,-5
3212,-6
3213,-4
3214,-5
3215,-3
3216,-5
3217,-7
3218,-6
3219,-8
3220,-6
3221,-6
3222,-6
3223,-6
3224,-8
3225,-6
3226,-8
3227,-6
3228,-5
3229,-5
3230,-4
3231,-2
3232,0
3233,-2
3234,-3
3235,-1
3236,1
3237,3
3238,1
3239,3
3240,1
3241,0
3242,1
3243,0
3244,0
3245,2
3246,2
3247,2
3248,2
3249,0
3250,2
3251,3
3252,1
3253,0
3254,-2
3255,-4
3256,-3
3257,-2
3258,-3
3259,-4
3260,-4
3261,-5
3262,-7
3263,-7
3264,-8
3265,-6
3266,-7
3267,-7
3268,-6
3269,-5
3270,-5
3271,-7
3272,-8
3273,-8
3274,-7
3275,-6
3276,-5
3277,-7
3278,-6
3279,-6
3280,-8
3281,-8
3282,-10
3283,-12
3284,-13
3285,-12
3286,-12
3287,-10
3288,-11
3289,-13
3290,-15
3291,-17
3292,-15
3293,-15
3294,-15
3295,-15
3296,-14
3297,-15
3298,-17
3299,-18
3300,-19
3301,-17
3302,-16
3303,-15
3304,-16
3305,-17
3306,-16
3307,-17
3308,-18
3309,-19
3310,-17
3311,-15
3312,-13
3313,-14
3314,-15
3315,-15
3316,-13
3317,-14
3318,-15
3319,-15
3320,-14
3321,-13
3322,-12
3323,-12
3324,-14
3325,-14
3326,-16
3327,-14
3328,-16
3329,-18
3330,-18
3331,-18
3332,-16
3333,-15
3334,-15
3335,-15
3336,-13
3337,-15
3338,-14
3339,-13
3340,-11
3341,-11
3342,-11
3343,-13
3344,-14
3345,-16
3346,-16
3347,-16
3348,-17
3349,-16
3350,-18
3351,-20
3352,-19
3353,-21
3354,-19
3355,-18
3356,-16
3357,-14
3358,-12
3359,-14
3360,-15
3361,-13
3362,-11
3363,-13
3364,-13
3365,-14
3366,-14
3367,-13
3368,-12
3369,-11
3370,-12
3371,-12
3372,-14
3373,-16
3374,-16
3375,-15
3376,-16
3377,-14
3378,-15
3379,-13
3380,-11
3381,-12
3382,-13
3383,-13
3384,-12
3385,-13
3386,-12
3387,-12
3388,-12
3389,-10
3390,-8
3391,-6
3392,-5
3393,-4
3394,-5
3395,-5
3396,-3
3397,-1
3398,0
3399,1
3400,1
3401,3
3402,3
3403,5
3404,5
3405,3
3406,4
3407,5
3408,7
3409,6
3410,8
3411,10
3412,10
3413,9
3414,8
3415,8
3416,8
3417,7
3418,9
3419,11
3420,10
3421,9
3422,7
3423,6
3424,8
3425,8
3426,7
3427,6
3428,7
3429,9
3430,8
3431,6
3432,7
3433,8
3434,7
3435,7
3436,8
3437,7
3438,5
3439,3
3440,3
3441,1
3442,3
3443,2
3444,3
3445,3
3446,4
3447,2
3448,1
3449,-1
3450,-2
3451,-2
3452,-3
3453,-1
3454,0
3455,0
3456,-1
3457,1
3458,2
3459,4
3460,5
3461,4
3462,3
3463,5
3464,3
3465,3
3466,2
3467,0
3468,-1
3469,1
3470,-1
3471,0
3472,-1
3473,-2
3474,-4
3475,-2
3476,-3
3477,-5
3478,-6
3479,-6
3480,-6
3481,-4
3482,-2
3483,-1
3484,0
3485,2
3486,3
3487,2
3488,1
3489,0
3490,-2
3491,-3
3492,-2
3493,-1
3494,-1
3495,-3
3496,-2
3497,0
3498,-2
3499,0
3500,-2
3501,-1
3502,-1
3503,0
3504,2
3505,4
3506,4
3507,2
3508,0
3509,-2
3510,0
3511,0
3512,-1
3513,-3
3514,-2
3515,-4
3516,-6
3517,-7
3518,-6
3519,-7
3520,-5
3521,-3
3522,-1
3523,1
3524,3
3525,3
3526,5
3527,5
3528,6
3529,6
3530,5
3531,6
3532,4
3533,6
3534,5
3535,4
3536,2
3537,0
3538,2
3539,2
3540,2
3541,3
3542,1
3543,2
3544,4
3545,2
3546,0
3547,-1
3548,0
3549,2
3550,4
3551,4
3552,2
3553,3
3554,3
3555,5
3556,3
3557,4
3558,4
3559,5
3560,3
3561,4
3562,5
3563,5
3564,7
3565,6
3566,8
3567,8
3568,9
3569,10
3570,12
3571,10
3572,9
3573,8
3574,7
3575,7
3576,6
3577,5
3578,6
3579,8
3580,8
3581,8
3582,10
3583,12
3584,13
3585,14
3586,16
3587,17
3588,18
3589,19
3590,21
3591,20
3592,21
3593,21
3594,22
3595,23
3596,25
3597,27
3598,27
3599,27
3600,27
3601,26
3602,24
3603,23
3604,24
3605,23
3606,21
3607,20
3608,22
3609,24
3610,25
3611,27
3612,28
3613,28
3614,29
3615,28
3616,28
3617,30
3618,30
3619,28
3620,28
3621,27
3622,26
3623,25
3624,23
3625,23
3626,22
3627,24
3628,23
3629,24
3630,26
3631,25
3632,27
3633,29
3634,29
3635,31
3636,29
3637,31
3638,30
3639,29
3640,30
3641,32
3642,30
3643,32
3644,33
3645,35
3646,35
3647,33
3648,31
3649,30
3650,30
