Days,Stock Price
1,-2
2,-1
3,1
4,0
5,-1
6,-2
7,-3
8,-5
9,-4
10,-5
11,-6
12,-6
13,-5
14,-3
15,-5
16,-4
17,-5
18,-6
19,-6
20,-4
21,-5
22,-5
23,-5
24,-6
25,-5
26,-4
27,-2
28,0
29,0
30,-2
31,-3
32,-3
33,-5
34,-5
35,-6
36,-6
37,-5
38,-5
39,-5
40,-5
41,-7
42,-8
43,-6
44,-5
45,-7
46,-8
47,-7
48,-5
49,-3
50,-5
51,-4
52,-6
53,-8
54,-8
55,-9
56,-11
57,-12
58,-14
59,-12
60,-11
61,-10
62,-12
63,-12
64,-11
65,-11
66,-10
67,-12
68,-11
69,-11
70,-13
71,-13
72,-15
73,-14
74,-13
75,-12
76,-11
77,-12
78,-12
79,-10
80,-12
81,-10
82,-8
83,-10
84,-11
85,-11
86,-10
87,-11
88,-10
89,-8
90,-7
91,-8
92,-6
93,-5
94,-7
95,-5
96,-4
97,-5
98,-5
99,-6
100,-5
101,-3
102,-2
103,-1
104,-1
105,-2
106,0
107,0
108,2
109,3
110,3
111,5
112,7
113,6
114,5
115,4
116,5
117,7
118,9
119,10
120,8
121,8
122,7
123,9
124,10
125,10
126,9
127,8
128,9
129,10
130,12
131,13
132,13
133,13
134,13
135,12
136,10
137,9
138,10
139,9
140,8
141,6
142,4
143,2
144,4
145,3
146,2
147,4
148,2
149,3
150,4
151,5
152,3
153,2
154,4
155,2
156,3
157,1
158,0
159,1
160,-1
161,-3
162,-3
163,-3
164,-1
165,-2
166,-4
167,-5
168,-5
169,-3
170,-3
171,-5
172,-6
173,-4
174,-6
175,-8
176,-10
177,-8
178,-8
179,-7
180,-7
181,-9
182,-10
183,-8
184,-7
185,-9
186,-11
187,-11
188,-12
189,-13
190,-13
191,-14
192,-12
193,-10
194,-11
195,-13
196,-15
197,-16
198,-14
199,-12
200,-12
201,-13
202,-11
203,-9
204,-8
205,-10
206,-11
207,-10
208,-8
209,-7
210,-6
211,-5
212,-7
213,-5
214,-5
215,-3
216,-5
217,-5
218,-4
219,-3
220,-4
221,-6
222,-7
223,-7
224,-9
225,-7
226,-7
227,-7
228,-6
229,-7
230,-7
231,-9
232,-11
233,-10
234,-11
235,-10
236,-9
237,-8
238,-7
239,-5
240,-4
241,-4
242,-4
243,-2
244,-3
245,-5
246,-4
247,-3
248,-1
249,-2
250,-1
251,-3
252,-4
253,-4
254,-4
255,-3
256,-4
257,-4
258,-5
259,-6
260,-5
261,-7
262,-5
263,-7
264,-6
265,-6
266,-8
267,-6
268,-6
269,-4
270,-6
271,-7
272,-6
273,-8
274,-10
275,-8
276,-8
277,-10
278,-12
279,-13
280,-12
281,-14
282,-12
283,-13
284,-13
285,-14
286,-16
287,-17
288,-19
289,-18
290,-18
291,-16
292,-15
293,-14
294,-15
295,-14
296,-15
297,-15
298,-13
299,-12
300,-11
301,-13
302,-11
303,-12
304,-14
305,-15
306,-15
307,-15
308,-14
309,-12
310,-11
311,-12
312,-14
313,-14
314,-13
315,-13
316,-14
317,-16
318,-15
319,-16
320,-18
321,-17
322,-17
323,-19
324,-20
325,-21
326,-23
327,-23
328,-25
329,-27
330,-26
331,-25
332,-27
333,-27
334,-28
335,-30
336,-31
337,-30
338,-28
339,-26
340,-25
341,-23
342,-24
343,-23
344,-21
345,-22
346,-22
347,-24
348,-23
349,-22
350,-21
351,-20
352,-21
353,-20
354,-22
355,-20
356,-18
357,-20
358,-18
359,-16
360,-18
361,-18
362,-16
363,-18
364,-19
365,-21
366,-21
367,-21
368,-23
369,-24
370,-24
371,-26
372,-25
373,-27
374,-29
375,-29
376,-30
377,-29
378,-29
379,-30
380,-31
381,-31
382,-32
383,-30
384,-32
385,-33
386,-32
387,-30
388,-29
389,-29
390,-31
391,-29
392,-30
393,-31
394,-32
395,-31
396,-30
397,-31
398,-33
399,-31
400,-29
401,-27
402,-25
403,-25
404,-23
405,-25
406,-23
407,-23
408,-25
409,-24
410,-23
411,-22
412,-23
413,-21
414,-21
415,-22
416,-22
417,-22
418,-21
419,-22
420,-24
421,-26
422,-26
423,-25
424,-25
425,-24
426,-25
427,-27
428,-25
429,-23
430,-24
431,-22
432,-21
433,-20
434,-21
435,-20
436,-22
437,-21
438,-21
439,-23
440,-24
441,-25
442,-24
443,-24
444,-24
445,-26
446,-27
447,-27
448,-27
449,-28
450,-30
451,-28
452,-27
453,-27
454,-29
455,-31
456,-33
457,-34
458,-33
459,-33
460,-35
461,-33
462,-32
463,-33
464,-31
465,-32
466,-33
467,-31
468,-29
469,-28
470,-26
471,-27
472,-25
473,-23
474,-25
475,-23
476,-21
477,-20
478,-19
479,-17
480,-15
481,-14
482,-16
483,-15
484,-17
485,-19
486,-21
487,-21
488,-19
489,-21
490,-19
491,-20
492,-20
493,-20
494,-20
495,-21
496,-22
497,-21
498,-22
499,-24
500,-24
501,-26
502,-25
503,-24
504,-26
505,-24
506,-22
507,-23
508,-23
509,-23
510,-23
511,-21
512,-23
513,-25
514,-23
515,-25
516,-27
517,-25
518,-24
519,-25
520,-27
521,-25
522,-24
523,-24
524,-22
525,-24
526,-23
527,-25
528,-26
529,-27
530,-29
531,-28
532,-28
533,-29
534,-28
535,-26
536,-26
537,-25
538,-25
539,-26
540,-28
541,-28
542,-30
543,-31
544,-31
545,-29
546,-28
547,-26
548,-27
549,-26
550,-27
551,-28
552,-27
553,-25
554,-27
555,-27
556,-28
557,-27
558,-25
559,-25
560,-27
561,-28
562,-28
563,-26
564,-26
565,-27
566,-29
567,-27
568,-28
569,-26
570,-27
571,-28
572,-29
573,-28
574,-26
575,-25
576,-24
577,-26
578,-25
579,-23
580,-22
581,-23
582,-23
583,-24
584,-24
585,-24
586,-26
587,-25
588,-25
589,-23
590,-22
591,-20
592,-21
593,-21
594,-20
595,-19
596,-21
597,-23
598,-25
599,-26
600,-28
601,-27
602,-29
603,-30
604,-31
605,-29
606,-29
607,-27
608,-28
609,-28
610,-30
611,-32
612,-31
613,-31
614,-32
615,-34
616,-35
617,-33
618,-35
619,-33
620,-35
621,-37
622,-36
623,-37
624,-36
625,-34
626,-34
627,-33
628,-31
629,-29
630,-29
631,-30
632,-30
633,-30
634,-29
635,-28
636,-27
637,-27
638,-26
639,-28
640,-26
641,-28
642,-30
643,-30
644,-32
645,-31
646,-29
647,-30
648,-30
649,-31
650,-31
651,-30
652,-30
653,-29
654,-30
655,-30
656,-30
657,-32
658,-32
659,-31
660,-29
661,-27
662,-27
663,-28
664,-29
665,-29
666,-31
667,-33
668,-31
669,-33
670,-33
671,-32
672,-32
673,-32
674,-32
675,-32
676,-34
677,-35
678,-36
679,-38
680,-36
681,-35
682,-37
683,-36
684,-37
685,-38
686,-40
687,-42
688,-40
689,-42
690,-43
691,-42
692,-40
693,-39
694,-41
695,-42
696,-44
697,-44
698,-43
699,-41
700,-41
701,-43
702,-41
703,-39
704,-37
705,-38
706,-36
707,-37
708,-35
709,-37
710,-38
711,-37
712,-39
713,-38
714,-38
715,-38
716,-38
717,-36
718,-34
719,-35
720,-33
721,-35
722,-33
723,-34
724,-36
725,-37
726,-35
727,-37
728,-36
729,-36
730,-37
731,-37
732,-35
733,-37
734,-35
735,-37
736,-38
737,-37
738,-38
739,-40
740,-42
741,-44
742,-45
743,-47
744,-46
745,-48
746,-46
747,-48
748,-46
749,-44
750,-43
751,-44
752,-45
753,-44
754,-44
755,-44
756,-45
757,-46
758,-46
759,-48
760,-50
761,-48
762,-46
763,-47
764,-45
765,-44
766,-45
767,-44
768,-45
769,-45
770,-44
771,-45
772,-45
773,-43
774,-41
775,-40
776,-41
777,-40
778,-42
779,-41
780,-39
781,-37
782,-35
783,-36
784,-34
785,-33
786,-32
787,-34
788,-35
789,-35
790,-37
791,-36
792,-35
793,-37
794,-35
795,-34
796,-36
797,-36
798,-35
799,-35
800,-36
801,-37
802,-39
803,-40
804,-39
805,-40
806,-38
807,-36
808,-38
809,-39
810,-39
811,-37
812,-39
813,-38
814,-38
815,-36
816,-35
817,-37
818,-39
819,-40
820,-42
821,-42
822,-40
823,-39
824,-37
825,-39
826,-38
827,-40
828,-38
829,-39
830,-37
831,-38
832,-37
833,-38
834,-36
835,-35
836,-34
837,-36
838,-34
839,-36
840,-37
841,-35
842,-33
843,-33
844,-31
845,-31
846,-30
847,-29
848,-27
849,-26
850,-24
851,-22
852,-21
853,-22
854,-21
855,-19
856,-20
857,-21
858,-22
859,-23
860,-22
861,-24
862,-22
863,-21
864,-19
865,-18
866,-17
867,-17
868,-16
869,-16
870,-14
871,-12
872,-11
873,-13
874,-14
875,-13
876,-11
877,-11
878,-10
879,-8
880,-8
881,-6
882,-8
883,-10
884,-12
885,-14
886,-14
887,-14
888,-14
889,-13
890,-15
891,-15
892,-16
893,-14
894,-14
895,-16
896,-16
897,-16
898,-14
899,-16
900,-17
901,-16
902,-17
903,-19
904,-18
905,-20
906,-22
907,-21
908,-21
909,-20
910,-18
911,-16
912,-14
913,-15
914,-15
915,-17
916,-17
917,-15
918,-13
919,-14
920,-14
921,-15
922,-17
923,-16
924,-18
925,-18
926,-20
927,-18
928,-16
929,-14
930,-15
931,-17
932,-15
933,-15
934,-15
935,-17
936,-17
937,-17
938,-16
939,-17
940,-17
941,-15
942,-16
943,-16
944,-18
945,-20
946,-18
947,-18
948,-16
949,-15
950,-17
951,-16
952,-14
953,-16
954,-14
955,-15
956,-15
957,-13
958,-13
959,-12
960,-13
961,-12
962,-13
963,-15
964,-15
965,-14
966,-16
967,-16
968,-15
969,-17
970,-16
971,-16
972,-17
973,-18
974,-19
975,-17
976,-18
977,-20
978,-21
979,-21
980,-23
981,-21
982,-22
983,-23
984,-21
985,-23
986,-21
987,-19
988,-20
989,-21
990,-21
991,-21
992,-22
993,-24
994,-26
995,-24
996,-25
997,-25
998,-26
999,-24
1000,-23
1001,-24
1002,-23
1003,-21
1004,-20
1005,-22
1006,-21
1007,-19
1008,-19
1009,-19
1010,-17
1011,-19
1012,-20
1013,-22
1014,-21
1015,-21
1016,-21
1017,-23
1018,-24
1019,-26
1020,-27
1021,-25
1022,-24
1023,-23
1024,-24
1025,-26
1026,-24
1027,-24
1028,-24
1029,-26
1030,-27
1031,-27
1032,-28
1033,-28
1034,-28
1035,-29
1036,-27
1037,-27
1038,-26
1039,-27
1040,-28
1041,-28
1042,-27
1043,-25
1044,-23
1045,-21
1046,-21
1047,-22
1048,-20
1049,-22
1050,-23
1051,-23
1052,-24
1053,-25
1054,-25
1055,-24
1056,-23
1057,-24
1058,-26
1059,-27
1060,-26
1061,-26
1062,-25
1063,-27
1064,-28
1065,-28
1066,-27
1067,-29
1068,-29
1069,-30
1070,-29
1071,-31
1072,-30
1073,-28
1074,-30
1075,-28
1076,-27
1077,-25
1078,-27
1079,-27
1080,-25
1081,-23
1082,-24
1083,-25
1084,-25
1085,-23
1086,-21
1087,-22
1088,-24
1089,-22
1090,-20
1091,-18
1092,-17
1093,-15
1094,-16
1095,-17
1096,-17
1097,-15
1098,-16
1099,-17
1100,-16
1101,-18
1102,-19
1103,-18
1104,-16
1105,-15
1106,-14
1107,-12
1108,-12
1109,-11
1110,-10
1111,-8
1112,-6
1113,-4
1114,-4
1115,-2
1116,-1
1117,0
1118,-2
1119,0
1120,2
1121,1
1122,-1
1123,-3
1124,-5
1125,-6
1126,-7
1127,-5
1128,-5
1129,-4
1130,-6
1131,-8
1132,-10
1133,-8
1134,-6
1135,-7
1136,-7
1137,-7
1138,-7
1139,-7
1140,-7
1141,-9
1142,-10
1143,-8
1144,-6
1145,-5
1146,-4
1147,-3
1148,-4
1149,-6
1150,-4
1151,-4
1152,-5
1153,-3
1154,-3
1155,-2
1156,-2
1157,0
1158,-2
1159,0
1160,2
1161,2
1162,0
1163,-1
1164,-2
1165,-3
1166,-1
1167,1
1168,2
1169,1
1170,0
1171,0
1172,-1
1173,1
1174,0
1175,0
1176,0
1177,-1
1178,-3
1179,-5
1180,-6
1181,-7
1182,-7
1183,-5
1184,-7
1185,-7
1186,-9
1187,-9
1188,-10
1189,-12
1190,-10
1191,-12
1192,-12
1193,-10
1194,-9
1195,-7
1196,-7
1197,-7
1198,-9
1199,-11
1200,-13
1201,-14
1202,-12
1203,-11
1204,-11
1205,-10
1206,-12
1207,-13
1208,-11
1209,-10
1210,-11
1211,-12
1212,-10
1213,-12
1214,-14
1215,-14
1216,-14
1217,-16
1218,-17
1219,-19
1220,-19
1221,-21
1222,-21
1223,-23
1224,-24
1225,-26
1226,-27
1227,-26
1228,-24
1229,-25
1230,-27
1231,-25
1232,-23
1233,-25
1234,-25
1235,-26
1236,-25
1237,-27
1238,-27
1239,-27
1240,-26
1241,-28
1242,-30
1243,-30
1244,-30
1245,-29
1246,-27
1247,-29
1248,-31
1249,-32
1250,-32
1251,-31
1252,-30
1253,-32
1254,-34
1255,-36
1256,-38
1257,-39
1258,-38
1259,-38
1260,-36
1261,-37
1262,-38
1263,-37
1264,-38
1265,-39
1266,-40
1267,-41
1268,-42
1269,-41
1270,-43
1271,-41
1272,-43
1273,-42
1274,-41
1275,-41
1276,-42
1277,-44
1278,-42
1279,-41
1280,-40
1281,-40
1282,-39
1283,-40
1284,-38
1285,-37
1286,-36
1287,-37
1288,-38
1289,-36
1290,-35
1291,-37
1292,-39
1293,-39
1294,-38
1295,-37
1296,-36
1297,-34
1298,-35
1299,-33
1300,-31
1301,-32
1302,-34
1303,-32
1304,-33
1305,-35
1306,-35
1307,-33
1308,-35
1309,-34
1310,-33
1311,-35
1312,-37
1313,-38
1314,-38
1315,-36
1316,-36
1317,-36
1318,-35
1319,-34
1320,-35
1321,-36
1322,-34
1323,-35
1324,-34
1325,-34
1326,-32
1327,-33
1328,-31
1329,-33
1330,-33
1331,-32
1332,-30
1333,-28
1334,-30
1335,-32
1336,-34
1337,-32
1338,-34
1339,-34
1340,-34
1341,-36
1342,-35
1343,-37
1344,-36
1345,-36
1346,-37
1347,-39
1348,-37
1349,-35
1350,-33
1351,-32
1352,-33
1353,-35
1354,-33
1355,-31
1356,-31
1357,-29
1358,-28
1359,-27
1360,-28
1361,-28
1362,-26
1363,-28
1364,-28
1365,-26
1366,-25
1367,-23
1368,-22
1369,-24
1370,-23
1371,-25
1372,-27
1373,-26
1374,-26
1375,-25
1376,-27
1377,-25
1378,-26
1379,-26
1380,-25
1381,-27
1382,-29
1383,-30
1384,-32
1385,-33
1386,-32
1387,-30
1388,-30
1389,-31
1390,-33
1391,-31
1392,-30
1393,-28
1394,-29
1395,-29
1396,-28
1397,-29
1398,-28
1399,-27
1400,-28
1401,-28
1402,-30
1403,-29
1404,-31
1405,-30
1406,-30
1407,-29
1408,-29
1409,-28
1410,-30
1411,-30
1412,-32
1413,-32
1414,-30
1415,-30
1416,-29
1417,-27
1418,-26
1419,-27
1420,-29
1421,-28
1422,-28
1423,-30
1424,-30
1425,-29
1426,-31
1427,-31
1428,-33
1429,-32
1430,-32
1431,-31
1432,-33
1433,-32
1434,-32
1435,-33
1436,-34
1437,-35
1438,-36
1439,-38
1440,-36
1441,-37
1442,-37
1443,-38
1444,-40
1445,-39
1446,-38
1447,-37
1448,-37
1449,-36
1450,-37
1451,-35
1452,-35
1453,-34
1454,-34
1455,-35
1456,-33
1457,-33
1458,-34
1459,-35
1460,-35
1461,-34
1462,-32
1463,-34
1464,-35
1465,-34
1466,-33
1467,-33
1468,-31
1469,-29
1470,-27
1471,-29
1472,-31
1473,-31
1474,-32
1475,-32
1476,-32
1477,-33
1478,-33
1479,-33
1480,-35
1481,-33
1482,-32
1483,-30
1484,-28
1485,-30
1486,-32
1487,-31
1488,-29
1489,-28
1490,-26
1491,-26
1492,-26
1493,-27
1494,-27
1495,-26
1496,-24
1497,-26
1498,-25
1499,-26
1500,-27
1501,-25
1502,-26
1503,-25
1504,-26
1505,-28
1506,-30
1507,-31
1508,-32
1509,-32
1510,-31
1511,-30
1512,-31
1513,-32
1514,-32
1515,-33
1516,-31
1517,-33
1518,-34
1519,-33
1520,-32
1521,-31
1522,-31
1523,-31
1524,-29
1525,-30
1526,-31
1527,-33
1528,-32
1529,-33
1530,-34
1531,-32
1532,-34
1533,-33
1534,-33
1535,-31
1536,-30
1537,-30
1538,-30
1539,-31
1540,-31
1541,-31
1542,-33
1543,-32
1544,-34
1545,-32
1546,-33
1547,-31
1548,-32
1549,-34
1550,-36
1551,-38
1552,-37
1553,-35
1554,-35
1555,-35
1556,-36
1557,-38
1558,-38
1559,-39
1560,-38
1561,-36
1562,-37
1563,-38
1564,-36
1565,-38
1566,-38
1567,-38
1568,-40
1569,-38
1570,-40
1571,-40
1572,-39
1573,-39
1574,-39
1575,-38
1576,-38
1577,-39
1578,-41
1579,-43
1580,-44
1581,-46
1582,-46
1583,-44
1584,-42
1585,-42
1586,-41
1587,-41
1588,-39
1589,-41
1590,-42
1591,-41
1592,-42
1593,-40
1594,-41
1595,-43
1596,-41
1597,-43
1598,-41
1599,-42
1600,-43
1601,-45
1602,-47
1603,-45
1604,-45
1605,-44
1606,-44
1607,-45
1608,-46
1609,-46
1610,-46
1611,-46
1612,-44
1613,-45
1614,-44
1615,-45
1616,-44
1617,-45
1618,-47
1619,-46
1620,-45
1621,-46
1622,-45
1623,-45
1624,-47
1625,-45
1626,-45
1627,-47
1628,-48
1629,-46
1630,-45
1631,-45
1632,-43
1633,-41
1634,-42
1635,-41
1636,-41
1637,-43
1638,-43
1639,-45
1640,-47
1641,-45
1642,-43
1643,-41
1644,-43
1645,-43
1646,-45
1647,-46
1648,-48
1649,-47
1650,-45
1651,-47
1652,-45
1653,-45
1654,-45
1655,-47
1656,-46
1657,-48
1658,-48
1659,-46
1660,-44
1661,-46
1662,-45
1663,-47
1664,-45
1665,-43
1666,-45
1667,-44
1668,-45
1669,-45
1670,-44
1671,-45
1672,-44
1673,-44
1674,-45
1675,-46
1676,-47
1677,-46
1678,-46
1679,-45
1680,-46
1681,-47
1682,-45
1683,-44
1684,-46
1685,-47
1686,-46
1687,-45
1688,-44
1689,-46
1690,-44
1691,-42
1692,-42
1693,-42
1694,-43
1695,-43
1696,-42
1697,-42
1698,-42
1699,-40
1700,-38
1701,-37
1702,-38
1703,-37
1704,-37
1705,-35
1706,-33
1707,-34
1708,-32
1709,-31
1710,-29
1711,-28
1712,-26
1713,-28
1714,-29
1715,-27
1716,-27
1717,-28
1718,-26
1719,-26
1720,-25
1721,-27
1722,-25
1723,-27
1724,-27
1725,-29
1726,-27
1727,-27
1728,-27
1729,-27
1730,-28
1731,-26
1732,-26
1733,-24
1734,-22
1735,-20
1736,-22
1737,-24
1738,-26
1739,-26
1740,-25
1741,-27
1742,-27
1743,-27
1744,-29
1745,-28
1746,-27
1747,-25
1748,-23
1749,-21
1750,-19
1751,-17
1752,-15
1753,-14
1754,-12
1755,-11
1756,-10
1757,-11
1758,-13
1759,-12
1760,-14
1761,-13
1762,-11
1763,-11
1764,-13
1765,-12
1766,-13
1767,-13
1768,-12
1769,-10
1770,-11
1771,-12
1772,-10
1773,-9
1774,-11
1775,-12
1776,-11
1777,-13
1778,-12
1779,-10
1780,-11
1781,-11
1782,-10
1783,-12
1784,-14
1785,-13
1786,-15
1787,-17
1788,-18
1789,-18
1790,-20
1791,-21
1792,-21
1793,-19
1794,-18
1795,-16
1796,-16
1797,-17
1798,-15
1799,-15
1800,-17
1801,-19
1802,-21
1803,-19
1804,-17
1805,-17
1806,-16
1807,-16
1808,-14
1809,-13
1810,-13
1811,-15
1812,-17
1813,-19
1814,-19
1815,-19
1816,-21
1817,-19
1818,-17
1819,-18
1820,-19
1821,-21
1822,-19
1823,-17
1824,-15
1825,-15
1826,-17
1827,-15
1828,-13
1829,-11
1830,-10
1831,-8
1832,-10
1833,-8
1834,-9
1835,-10
1836,-9
1837,-10
1838,-12
1839,-11
1840,-9
1841,-9
1842,-11
1843,-12
1844,-14
1845,-13
1846,-15
1847,-15
1848,-15
1849,-13
1850,-14
1851,-15
1852,-13
1853,-15
1854,-15
1855,-16
1856,-18
1857,-18
1858,-18
1859,-19
1860,-17
1861,-19
1862,-21
1863,-19
1864,-20
1865,-19
1866,-19
1867,-21
1868,-22
1869,-22
1870,-24
1871,-24
1872,-24
1873,-26
1874,-25
1875,-23
1876,-25
1877,-24
1878,-25
1879,-27
1880,-29
1881,-27
1882,-28
1883,-29
1884,-31
1885,-30
1886,-30
1887,-30
1888,-30
1889,-28
1890,-27
1891,-28
1892,-28
1893,-30
1894,-30
1895,-29
1896,-27
1897,-25
1898,-27
1899,-27
1900,-25
1901,-25
1902,-27
1903,-28
1904,-30
1905,-32
1906,-34
1907,-36
1908,-37
1909,-36
1910,-38
1911,-39
1912,-38
1913,-37
1914,-37
1915,-39
1916,-40
1917,-42
1918,-40
1919,-41
1920,-42
1921,-42
1922,-42
1923,-41
1924,-41
1925,-43
1926,-41
1927,-40
1928,-41
1929,-39
1930,-40
1931,-42
1932,-40
1933,-39
1934,-38
1935,-36
1936,-35
1937,-37
1938,-35
1939,-33
1940,-34
1941,-34
1942,-36
1943,-37
1944,-39
1945,-41
1946,-40
1947,-38
1948,-38
1949,-38
1950,-40
1951,-39
1952,-37
1953,-35
1954,-33
1955,-34
1956,-35
1957,-34
1958,-34
1959,-36
1960,-34
1961,-33
1962,-35
1963,-34
1964,-35
1965,-36
1966,-36
1967,-34
1968,-35
1969,-33
1970,-34
1971,-32
1972,-33
1973,-32
1974,-34
1975,-33
1976,-32
1977,-31
1978,-29
1979,-31
1980,-33
1981,-34
1982,-35
1983,-33
1984,-34
1985,-36
1986,-35
1987,-33
1988,-35
1989,-37
1990,-35
1991,-36
1992,-38
1993,-40
1994,-40
1995,-39
1996,-38
1997,-39
1998,-37
1999,-38
2000,-40
2001,-42
2002,-43
2003,-42
2004,-40
2005,-41
2006,-39
2007,-39
2008,-41
2009,-40
2010,-42
2011,-42
2012,-44
2013,-45
2014,-45
2015,-44
2016,-43
2017,-43
2018,-43
2019,-42
2020,-40
2021,-40
2022,-41
2023,-39
2024,-37
2025,-36
2026,-36
2027,-36
2028,-36
2029,-37
2030,-36
2031,-36
2032,-34
2033,-35
2034,-34
2035,-33
2036,-32
2037,-30
2038,-30
2039,-32
2040,-32
2041,-32
2042,-32
2043,-30
2044,-29
2045,-30
2046,-30
2047,-29
2048,-31
2049,-33
2050,-34
2051,-32
2052,-30
2053,-32
2054,-31
2055,-30
2056,-32
2057,-32
2058,-32
2059,-32
2060,-33
2061,-33
2062,-33
2063,-33
2064,-31
2065,-33
2066,-33
2067,-31
2068,-29
2069,-27
2070,-28
2071,-27
2072,-25
2073,-27
2074,-26
2075,-24
2076,-22
2077,-22
2078,-21
2079,-19
2080,-17
2081,-18
2082,-16
2083,-15
2084,-16
2085,-14
2086,-13
2087,-13
2088,-11
2089,-13
2090,-11
2091,-11
2092,-10
2093,-11
2094,-9
2095,-7
2096,-6
2097,-7
2098,-6
2099,-4
2100,-4
2101,-2
2102,-1
2103,-2
2104,-3
2105,-2
2106,-3
2107,-5
2108,-7
2109,-5
2110,-7
2111,-7
2112,-9
2113,-7
2114,-9
2115,-9
2116,-11
2117,-9
2118,-10
2119,-8
2120,-9
2121,-11
2122,-10
2123,-8
2124,-6
2125,-6
2126,-8
2127,-6
2128,-8
2129,-7
2130,-5
2131,-4
2132,-2
2133,0
2134,2
2135,1
2136,3
2137,1
2138,0
2139,-1
2140,1
2141,0
2142,1
2143,1
2144,1
2145,0
2146,-1
2147,-3
2148,-3
2149,-3
2150,-4
2151,-3
2152,-1
2153,-3
2154,-5
2155,-7
2156,-7
2157,-9
2158,-11
2159,-13
2160,-14
2161,-15
2162,-14
2163,-16
2164,-16
2165,-16
2166,-15
2167,-16
2168,-15
2169,-17
2170,-15
2171,-13
2172,-12
2173,-14
2174,-13
2175,-12
2176,-13
2177,-11
2178,-10
2179,-9
2180,-8
2181,-9
2182,-8
2183,-7
2184,-8
2185,-7
2186,-6
2187,-7
2188,-8
2189,-10
2190,-11
2191,-11
2192,-12
2193,-10
2194,-10
2195,-12
2196,-11
2197,-12
2198,-13
2199,-12
2200,-11
2201,-10
2202,-12
2203,-11
2204,-10
2205,-9
2206,-10
2207,-8
2208,-10
2209,-11
2210,-9
2211,-8
2212,-7
2213,-7
2214,-8
2215,-9
2216,-8
2217,-8
2218,-8
2219,-6
2220,-6
2221,-8
2222,-9
2223,-10
2224,-11
2225,-13
2226,-14
2227,-16
2228,-15
2229,-17
2230,-16
2231,-17
2232,-16
2233,-15
2234,-15
2235,-16
2236,-16
2237,-18
2238,-18
2239,-18
2240,-18
2241,-17
2242,-19
2243,-19
2244,-21
2245,-19
2246,-18
2247,-20
2248,-21
2249,-20
2250,-18
2251,-20
2252,-22
2253,-22
2254,-23
2255,-23
2256,-22
2257,-21
2258,-21
2259,-20
2260,-22
2261,-24
2262,-24
2263,-23
2264,-21
2265,-19
2266,-20
2267,-19
2268,-17
2269,-19
2270,-19
2271,-18
2272,-17
2273,-15
2274,-17
2275,-19
2276,-18
2277,-19
2278,-20
2279,-21
2280,-22
2281,-22
2282,-20
2283,-21
2284,-23
2285,-25
2286,-24
2287,-26
2288,-28
2289,-28
2290,-27
2291,-29
2292,-28
2293,-30
2294,-32
2295,-30
2296,-28
2297,-27
2298,-25
2299,-26
2300,-25
2301,-26
2302,-24
2303,-23
2304,-25
2305,-25
2306,-23
2307,-24
2308,-26
2309,-28
2310,-26
2311,-27
2312,-27
2313,-26
2314,-24
2315,-22
2316,-20
2317,-22
2318,-20
2319,-21
2320,-21
2321,-23
2322,-21
2323,-21
2324,-21
2325,-22
2326,-21
2327,-19
2328,-21
2329,-21
2330,-23
2331,-25
2332,-24
2333,-25
2334,-23
2335,-24
2336,-23
2337,-22
2338,-20
2339,-19
2340,-21
2341,-20
2342,-21
2343,-19
2344,-19
2345,-20
2346,-21
2347,-20
2348,-21
2349,-21
2350,-22
2351,-24
2352,-24
2353,-26
2354,-25
2355,-27
2356,-25
2357,-26
2358,-24
2359,-22
2360,-20
2361,-21
2362,-22
2363,-20
2364,-20
2365,-20
2366,-20
2367,-21
2368,-21
2369,-22
2370,-23
2371,-23
2372,-23
2373,-22
2374,-20
2375,-18
2376,-19
2377,-21
2378,-19
2379,-17
2380,-17
2381,-19
2382,-17
2383,-19
2384,-18
2385,-18
2386,-18
2387,-18
2388,-19
2389,-18
2390,-17
2391,-17
2392,-15
2393,-13
2394,-14
2395,-15
2396,-15
2397,-16
2398,-14
2399,-12
2400,-10
2401,-9
2402,-7
2403,-8
2404,-9
2405,-8
2406,-8
2407,-6
2408,-8
2409,-9
2410,-8
2411,-8
2412,-6
2413,-6
2414,-4
2415,-4
2416,-6
2417,-5
2418,-3
2419,-2
2420,-3
2421,-1
2422,-3
2423,-3
2424,-2
2425,-1
2426,1
2427,1
2428,3
2429,1
2430,3
2431,2
2432,3
2433,1
2434,1
2435,0
2436,-2
2437,-2
2438,-4
2439,-6
2440,-8
2441,-7
2442,-5
2443,-3
2444,-4
2445,-5
2446,-4
2447,-3
2448,-4
2449,-2
2450,-1
2451,0
2452,1
2453,2
2454,0
2455,2
2456,1
2457,0
2458,1
2459,0
2460,2
2461,2
2462,2
2463,2
2464,4
2465,3
2466,2
2467,4
2468,5
2469,4
2470,3
2471,5
2472,5
2473,4
2474,2
2475,0
2476,2
2477,4
2478,2
2479,0
2480,1
2481,2
2482,0
2483,0
2484,-1
2485,0
2486,-1
2487,-1
2488,1
2489,3
2490,1
2491,-1
2492,1
2493,3
2494,1
2495,2
2496,3
2497,2
2498,3
2499,4
2500,6
2501,5
2502,5
2503,4
2504,4
2505,2
2506,1
2507,2
2508,4
2509,3
2510,5
2511,5
2512,4
2513,3
2514,2
2515,2
2516,4
2517,6
2518,4
2519,3
2520,2
2521,2
2522,1
2523,-1
2524,1
2525,0
2526,-2
2527,-2
2528,0
2529,-2
2530,-4
2531,-2
2532,-2
2533,-4
2534,-4
2535,-5
2536,-7
2537,-8
2538,-10
2539,-8
2540,-6
2541,-7
2542,-6
2543,-7
2544,-7
2545,-7
2546,-6
2547,-6
2548,-7
2549,-9
2550,-8
2551,-6
2552,-5
2553,-6
2554,-4
2555,-2
2556,-4
2557,-4
2558,-5
2559,-3
2560,-3
2561,-4
2562,-6
2563,-4
2564,-3
2565,-2
2566,-1
2567,0
2568,2
2569,0
2570,2
2571,3
2572,2
2573,0
2574,2
2575,0
2576,0
2577,1
2578,3
2579,1
2580,-1
2581,1
2582,-1
2583,-3
2584,-4
2585,-5
2586,-3
2587,-4
2588,-3
2589,-5
2590,-5
2591,-6
2592,-4
2593,-3
2594,-3
2595,-3
2596,-4
2597,-6
2598,-5
2599,-7
2600,-7
2601,-7
2602,-9
2603,-11
2604,-9
2605,-11
2606,-12
2607,-13
2608,-15
2609,-15
2610,-13
2611,-13
2612,-13
2613,-14
2614,-13
2615,-15
2616,-15
2617,-15
2618,-14
2619,-13
2620,-15
2621,-17
2622,-18
2623,-19
2624,-18
2625,-17
2626,-19
2627,-20
2628,-21
2629,-20
2630,-19
2631,-18
2632,-17
2633,-15
2634,-13
2635,-13
2636,-14
2637,-14
2638,-15
2639,-14
2640,-12
2641,-12
2642,-14
2643,-13
2644,-12
2645,-11
2646,-13
2647,-13
2648,-12
2649,-11
2650,-13
2651,-15
2652,-13
2653,-14
2654,-13
2655,-11
2656,-11
2657,-10
2658,-11
2659,-10
2660,-8
2661,-6
2662,-5
2663,-5
2664,-4
2665,-2
2666,-3
2667,-4
2668,-3
2669,-3
2670,-1
2671,-3
2672,-1
2673,-3
2674,-5
2675,-3
2676,-5
2677,-6
2678,-6
2679,-8
2680,-6
2681,-6
2682,-6
2683,-8
2684,-9
2685,-11
2686,-13
2687,-12
2688,-13
2689,-14
2690,-13
2691,-13
2692,-13
2693,-14
2694,-15
2695,-14
2696,-13
2697,-13
2698,-11
2699,-10
2700,-10
2701,-8
2702,-7
2703,-6
2704,-7
2705,-5
2706,-7
2707,-6
2708,-8
2709,-8
2710,-6
2711,-7
2712,-8
2713,-7
2714,-7
2715,-7
2716,-8
2717,-8
2718,-10
2719,-10
2720,-12
2721,-11
2722,-12
2723,-12
2724,-12
2725,-12
2726,-14
2727,-14
2728,-15
2729,-15
2730,-17
2731,-19
2732,-20
2733,-21
2734,-22
2735,-20
2736,-20
2737,-21
2738,-21
2739,-21
2740,-20
2741,-21
2742,-23
2743,-21
2744,-21
2745,-21
2746,-19
2747,-18
2748,-19
2749,-17
2750,-19
2751,-18
2752,-20
2753,-19
2754,-18
2755,-18
2756,-18
2757,-20
2758,-18
2759,-17
2760,-17
2761,-18
2762,-19
2763,-21
2764,-21
2765,-21
2766,-19
2767,-17
2768,-16
2769,-16
2770,-15
2771,-14
2772,-16
2773,-14
2774,-12
2775,-12
2776,-11
2777,-10
2778,-12
2779,-14
2780,-16
2781,-16
2782,-18
2783,-20
2784,-22
2785,-21
2786,-21
2787,-21
2788,-19
2789,-18
2790,-17
2791,-16
2792,-14
2793,-12
2794,-10
2795,-8
2796,-7
2797,-6
2798,-8
2799,-9
2800,-11
2801,-9
2802,-10
2803,-9
2804,-11
2805,-13
2806,-15
2807,-14
2808,-15
2809,-16
2810,-18
2811,-19
2812,-21
2813,-22
2814,-21
2815,-22
2816,-20
2817,-22
2818,-24
2819,-26
2820,-28
2821,-30
2822,-28
2823,-29
2824,-27
2825,-26
2826,-28
2827,-26
2828,-25
2829,-26
2830,-28
2831,-26
2832,-26
2833,-25
2834,-25
2835,-25
2836,-26
2837,-24
2838,-24
2839,-24
2840,-26
2841,-25
2842,-27
2843,-26
2844,-27
2845,-26
2846,-27
2847,-29
2848,-31
2849,-32
2850,-31
2851,-33
2852,-33
2853,-33
2854,-32
2855,-31
2856,-31
2857,-32
2858,-31
2859,-33
2860,-33
2861,-35
2862,-36
2863,-37
2864,-38
2865,-40
2866,-42
2867,-42
2868,-44
2869,-44
2870,-45
2871,-45
2872,-47
2873,-48
2874,-50
2875,-49
2876,-50
2877,-51
2878,-52
2879,-51
2880,-53
2881,-51
2882,-53
2883,-51
2884,-50
2885,-49
2886,-49
2887,-51
2888,-49
2889,-49
2890,-49
2891,-48
2892,-50
2893,-48
2894,-46
2895,-47
2896,-48
2897,-46
2898,-45
2899,-46
2900,-44
2901,-42
2902,-40
2903,-41
2904,-41
2905,-42
2906,-44
2907,-46
2908,-45
2909,-46
2910,-45
2911,-47
2912,-49
2913,-48
2914,-46
2915,-48
2916,-49
2917,-50
2918,-50
2919,-49
2920,-50
2921,-48
2922,-49
2923,-50
2924,-52
2925,-51
2926,-49
2927,-49
2928,-47
2929,-45
2930,-47
2931,-46
2932,-48
2933,-46
2934,-48
2935,-48
2936,-47
2937,-49
2938,-47
2939,-46
2940,-45
2941,-45
2942,-44
2943,-46
2944,-48
2945,-48
2946,-50
2947,-49
2948,-51
2949,-51
2950,-52
2951,-53
2952,-52
2953,-54
2954,-52
2955,-53
2956,-52
2957,-54
2958,-56
2959,-56
2960,-54
2961,-56
2962,-57
2963,-55
2964,-55
2965,-54
2966,-55
2967,-57
2968,-59
2969,-59
2970,-58
2971,-57
2972,-55
2973,-54
2974,-53
2975,-54
2976,-56
2977,-58
2978,-60
2979,-62
2980,-60
2981,-59
2982,-57
2983,-57
2984,-56
2985,-58
2986,-60
2987,-61
2988,-62
2989,-64
2990,-65
2991,-67
2992,-68
2993,-66
2994,-68
2995,-70
2996,-70
2997,-69
2998,-71
2999,-69
3000,-70
3001,-72
3002,-72
3003,-72
3004,-71
3005,-71
3006,-69
3007,-71
3008,-71
3009,-72
3010,-72
3011,-73
3012,-71
3013,-70
3014,-72
3015,-71
3016,-69
3017,-70
3018,-71
3019,-71
3020,-70
3021,-70
3022,-70
3023,-71
3024,-70
3025,-68
3026,-69
3027,-69
3028,-71
3029,-70
3030,-71
3031,-70
3032,-69
3033,-71
3034,-73
3035,-72
3036,-72
3037,-73
3038,-75
3039,-73
3040,-73
3041,-72
3042,-72
3043,-72
3044,-73
3045,-72
3046,-72
3047,-72
3048,-73
3049,-72
3050,-70
3051,-68
3052,-67
3053,-65
3054,-66
3055,-67
3056,-66
3057,-66
3058,-67
3059,-69
3060,-70
3061,-70
3062,-69
3063,-70
3064,-69
3065,-70
3066,-70
3067,-70
3068,-70
3069,-70
3070,-70
3071,-70
3072,-70
3073,-71
3074,-69
3075,-70
3076,-68
3077,-69
3078,-68
3079,-70
3080,-71
3081,-70
3082,-72
3083,-70
3084,-70
3085,-69
3086,-68
3087,-68
3088,-70
3089,-71
3090,-73
3091,-72
3092,-71
3093,-73
3094,-75
3095,-74
3096,-75
3097,-73
3098,-74
3099,-75
3100,-74
3101,-76
3102,-75
3103,-76
3104,-77
3105,-75
3106,-73
3107,-72
3108,-72
3109,-72
3110,-74
3111,-73
3112,-73
3113,-73
3114,-75
3115,-76
3116,-78
3117,-80
3118,-81
3119,-80
3120,-81
3121,-82
3122,-83
3123,-84
3124,-85
3125,-84
3126,-86
3127,-88
3128,-88
3129,-87
3130,-88
3131,-89
3132,-91
3133,-92
3134,-90
3135,-89
3136,-89
3137,-91
3138,-90
3139,-88
3140,-88
3141,-86
3142,-86
3143,-86
3144,-85
3145,-83
3146,-82
3147,-80
3148,-78
3149,-76
3150,-76
3151,-78
3152,-78
3153,-80
3154,-78
3155,-76
3156,-74
3157,-75
3158,-73
3159,-72
3160,-70
3161,-70
3162,-71
3163,-72
3164,-74
3165,-76
3166,-74
3167,-74
3168,-76
3169,-75
3170,-76
3171,-78
3172,-76
3173,-78
3174,-78
3175,-78
3176,-80
3177,-80
3178,-79
3179,-77
3180,-75
3181,-75
3182,-75
3183,-76
3184,-75
3185,-76
3186,-76
3187,-76
3188,-76
3189,-75
3190,-77
3191,-76
3192,-76
3193,-76
3194,-77
3195,-77
3196,-75
3197,-77
3198,-78
3199,-78
3200,-80
3201,-80
3202,-78
3203,-79
3204,-81
3205,-82
3206,-80
3207,-82
3208,-84
3209,-84
3210,-85
3211,-83
3212,-85
3213,-84
3214,-83
3215,-85
3216,-86
3217,-88
3218,-88
3219,-90
3220,-88
3221,-86
3222,-85
3223,-86
3224,-85
3225,-86
3226,-87
3227,-86
3228,-86
3229,-86
3230,-86
3231,-84
3232,-84
3233,-85
3234,-86
3235,-86
3236,-84
3237,-84
3238,-84
3239,-82
3240,-80
3241,-79
3242,-77
3243,-78
3244,-76
3245,-74
3246,-75
3247,-77
3248,-75
3249,-77
3250,-78
3251,-80
3252,-82
3253,-83
3254,-81
3255,-80
3256,-79
3257,-81
3258,-80
3259,-80
3260,-78
3261,-80
3262,-81
3263,-82
3264,-81
3265,-79
3266,-78
3267,-78
3268,-79
3269,-81
3270,-81
3271,-80
3272,-81
3273,-80
3274,-78
3275,-80
3276,-80
3277,-79
3278,-81
3279,-80
3280,-82
3281,-81
3282,-79
3283,-81
3284,-81
3285,-83
3286,-84
3287,-84
3288,-86
3289,-87
3290,-85
3291,-83
3292,-81
3293,-81
3294,-82
3295,-82
3296,-82
3297,-83
3298,-85
3299,-87
3300,-87
3301,-85
3302,-84
3303,-86
3304,-86
3305,-88
3306,-90
3307,-91
3308,-93
3309,-93
3310,-91
3311,-93
3312,-92
3313,-94
3314,-93
3315,-95
3316,-97
3317,-98
3318,-98
3319,-100
3320,-100
3321,-101
3322,-101
3323,-100
3324,-102
3325,-104
3326,-105
3327,-103
3328,-102
3329,-101
3330,-103
3331,-105
3332,-105
3333,-104
3334,-106
3335,-107
3336,-109
3337,-109
3338,-109
3339,-111
3340,-113
3341,-114
3342,-115
3343,-114
3344,-114
3345,-112
3346,-114
3347,-112
3348,-114
3349,-114
3350,-114
3351,-112
3352,-114
3353,-112
3354,-111
3355,-113
3356,-114
3357,-115
3358,-115
3359,-113
3360,-114
3361,-114
3362,-114
3363,-116
3364,-116
3365,-114
3366,-115
3367,-117
3368,-117
3369,-119
3370,-121
3371,-119
3372,-118
3373,-117
3374,-115
3375,-115
3376,-115
3377,-113
3378,-113
3379,-111
3380,-112
3381,-110
3382,-111
3383,-110
3384,-112
3385,-113
3386,-112
3387,-113
3388,-111
3389,-111
3390,-111
3391,-113
3392,-111
3393,-112
3394,-114
3395,-112
3396,-113
3397,-112
3398,-110
3399,-112
3400,-111
3401,-109
3402,-107
3403,-108
3404,-110
3405,-109
3406,-107
3407,-105
3408,-105
3409,-104
3410,-105
3411,-107
3412,-107
3413,-107
3414,-106
3415,-106
3416,-108
3417,-107
3418,-109
3419,-107
3420,-108
3421,-106
3422,-104
3423,-104
3424,-105
3425,-106
3426,-107
3427,-105
3428,-106
3429,-106
3430,-104
3431,-102
3432,-102
3433,-104
3434,-104
3435,-102
3436,-104
3437,-103
3438,-102
3439,-100
3440,-101
3441,-99
3442,-97
3443,-99
3444,-100
3445,-98
3446,-98
3447,-99
3448,-99
3449,-97
3450,-97
3451,-99
3452,-97
3453,-96
3454,-95
3455,-95
3456,-93
3457,-94
3458,-95
3459,-97
3460,-95
3461,-97
3462,-98
3463,-97
3464,-99
3465,-100
3466,-100
3467,-102
3468,-103
3469,-105
3470,-103
3471,-102
3472,-104
3473,-106
3474,-108
3475,-107
3476,-105
3477,-107
3478,-107
3479,-106
3480,-104
3481,-102
3482,-100
3483,-102
3484,-101
3485,-99
3486,-99
3487,-97
3488,-99
3489,-98
3490,-98
3491,-96
3492,-98
3493,-100
3494,-98
3495,-98
3496,-99
3497,-100
3498,-98
3499,-97
3500,-97
3501,-99
3502,-98
3503,-96
3504,-98
3505,-97
3506,-95
3507,-96
3508,-95
3509,-96
3510,-96
3511,-98
3512,-97
3513,-96
3514,-98
3515,-97
3516,-97
3517,-99
3518,-99
3519,-97
3520,-99
3521,-100
3522,-101
3523,-100
3524,-100
3525,-102
3526,-104
3527,-106
3528,-106
3529,-108
3530,-110
3531,-111
3532,-111
3533,-113
3534,-115
3535,-117
3536,-118
3537,-116
3538,-117
3539,-118
3540,-117
3541,-119
3542,-120
3543,-121
3544,-120
3545,-118
3546,-116
3547,-118
3548,-119
3549,-118
3550,-118
3551,-119
3552,-121
3553,-120
3554,-118
3555,-116
3556,-115
3557,-115
3558,-116
3559,-118
3560,-116
3561,-114
3562,-115
3563,-116
3564,-114
3565,-113
3566,-114
3567,-114
3568,-113
3569,-115
3570,-113
3571,-112
3572,-114
3573,-114
3574,-112
3575,-113
3576,-114
3577,-116
3578,-115
3579,-115
3580,-114
3581,-116
3582,-117
3583,-119
3584,-118
3585,-118
3586,-119
3587,-117
3588,-115
3589,-114
3590,-112
3591,-111
3592,-109
3593,-108
3594,-108
3595,-110
3596,-111
3597,-113
3598,-112
3599,-113
3600,-115
3601,-115
3602,-113
3603,-112
3604,-113
3605,-115
3606,-116
3607,-115
3608,-117
3609,-115
3610,-115
3611,-116
3612,-118
3613,-120
3614,-119
3615,-121
3616,-120
3617,-122
3618,-120
3619,-120
3620,-119
3621,-120
3622,-119
3623,-117
3624,-115
3625,-115
3626,-113
3627,-113
3628,-113
3629,-113
3630,-114
3631,-116
3632,-117
3633,-117
3634,-119
3635,-118
3636,-117
3637,-118
3638,-117
3639,-119
3640,-121
3641,-123
3642,-122
3643,-122
3644,-123
3645,-123
3646,-125
3647,-126
3648,-126
3649,-124
3650,-126
