Days,Stock Price
1,0
2,-1
3,-2
4,-1
5,1
6,1
7,2
8,0
9,-2
10,-2
11,0
12,2
13,3
14,5
15,5
16,5
17,3
18,5
19,6
20,4
21,6
22,6
23,4
24,5
25,4
26,6
27,7
28,8
29,10
30,8
31,7
32,6
33,5
34,5
35,7
36,8
37,7
38,7
39,8
40,10
41,9
42,9
43,10
44,12
45,12
46,13
47,15
48,17
49,17
50,17
51,16
52,17
53,19
54,19
55,21
56,21
57,20
58,20
59,20
60,20
61,22
62,24
63,26
64,24
65,25
66,23
67,24
68,22
69,23
70,22
71,21
72,20
73,19
74,18
75,19
76,17
77,19
78,19
79,21
80,22
81,24
82,22
83,24
84,22
85,24
86,25
87,25
88,24
89,24
90,22
91,23
92,22
93,21
94,23
95,24
96,26
97,24
98,24
99,23
100,21
101,19
102,19
103,18
104,17
105,19
106,21
107,20
108,21
109,20
110,20
111,22
112,22
113,23
114,24
115,24
116,26
117,27
118,27
119,27
120,25
121,25
122,26
123,27
124,28
125,28
126,27
127,29
128,31
129,29
130,28
131,30
132,29
133,30
134,31
135,33
136,35
137,37
138,38
139,36
140,37
141,35
142,37
143,35
144,33
145,33
146,31
147,29
148,29
149,29
150,29
151,31
152,30
153,28
154,28
155,30
156,28
157,26
158,24
159,26
160,27
161,26
162,25
163,24
164,24
165,26
166,24
167,23
168,21
169,22
170,21
171,22
172,21
173,19
174,21
175,20
176,22
177,21
178,20
179,21
180,22
181,21
182,21
183,23
184,24
185,23
186,21
187,19
188,19
189,17
190,17
191,15
192,17
193,18
194,19
195,18
196,20
197,21
198,23
199,25
200,27
201,26
202,24
203,24
204,25
205,24
206,25
207,23
208,23
209,23
210,24
211,22
212,23
213,22
214,21
215,22
216,22
217,21
218,23
219,22
220,23
221,22
222,23
223,23
224,22
225,21
226,19
227,17
228,17
229,15
230,14
231,15
232,14
233,13
234,11
235,10
236,12
237,13
238,12
239,11
240,9
241,7
242,8
243,6
244,5
245,7
246,9
247,7
248,7
249,5
250,5
251,6
252,7
253,7
254,7
255,9
256,11
257,12
258,11
259,12
260,10
261,12
262,11
263,12
264,13
265,12
266,14
267,14
268,13
269,12
270,14
271,16
272,17
273,17
274,19
275,18
276,20
277,18
278,17
279,16
280,16
281,14
282,16
283,14
284,15
285,15
286,14
287,16
288,16
289,16
290,16
291,16
292,18
293,19
294,17
295,17
296,16
297,18
298,20
299,20
300,20
301,18
302,19
303,17
304,15
305,16
306,17
307,19
308,17
309,15
310,15
311,16
312,16
313,16
314,14
315,12
316,11
317,11
318,10
319,8
320,7
321,8
322,8
323,6
324,7
325,9
326,9
327,8
328,6
329,8
330,7
331,5
332,7
333,9
334,7
335,9
336,11
337,13
338,11
339,11
340,10
341,11
342,9
343,10
344,10
345,10
346,9
347,7
348,9
349,11
350,9
351,10
352,8
353,10
354,11
355,9
356,10
357,11
358,11
359,9
360,9
361,7
362,5
363,6
364,8
365,9
366,7
367,6
368,8
369,6
370,7
371,5
372,6
373,4
374,2
375,2
376,2
377,3
378,3
379,5
380,3
381,3
382,3
383,1
384,0
385,0
386,-2
387,-3
388,-5
389,-3
390,-3
391,-1
392,1
393,3
394,1
395,0
396,0
397,-2
398,0
399,-1
400,-1
401,1
402,2
403,3
404,5
405,4
406,2
407,3
408,2
409,3
410,5
411,6
412,4
413,5
414,6
415,8
416,7
417,6
418,6
419,7
420,7
421,6
422,4
423,4
424,3
425,1
426,-1
427,-3
428,-3
429,-4
430,-4
431,-2
432,-4
433,-4
434,-4
435,-5
436,-7
437,-6
438,-4
439,-2
440,-3
441,-4
442,-4
443,-3
444,-1
445,-2
446,0
447,0
448,2
449,2
450,3
451,2
452,3
453,4
454,2
455,1
456,-1
457,-1
458,-1
459,-1
460,0
461,-1
462,0
463,1
464,-1
465,-2
466,0
467,-1
468,-2
469,-3
470,-5
471,-3
472,-3
473,-3
474,-3
475,-2
476,-4
477,-2
478,-1
479,1
480,0
481,-1
482,0
483,-1
484,-2
485,-1
486,-3
487,-4
488,-5
489,-5
490,-7
491,-5
492,-7
493,-6
494,-8
495,-10
496,-8
497,-6
498,-7
499,-7
500,-7
501,-6
502,-7
503,-8
504,-7
505,-5
506,-7
507,-6
508,-5
509,-4
510,-6
511,-7
512,-8
513,-7
514,-5
515,-3
516,-2
517,0
518,-2
519,0
520,-1
521,-1
522,-2
523,-1
524,-3
525,-4
526,-2
527,-2
528,-2
529,-2
530,0
531,0
532,-1
533,-2
534,-1
535,-2
536,-2
537,-1
538,-2
539,-4
540,-3
541,-4
542,-3
543,-4
544,-5
545,-5
546,-7
547,-9
548,-9
549,-9
550,-10
551,-12
552,-10
553,-8
554,-9
555,-11
556,-13
557,-15
558,-15
559,-17
560,-17
561,-18
562,-18
563,-20
564,-18
565,-20
566,-19
567,-20
568,-21
569,-23
570,-22
571,-23
572,-24
573,-25
574,-24
575,-26
576,-27
577,-26
578,-26
579,-28
580,-29
581,-31
582,-31
583,-31
584,-33
585,-32
586,-32
587,-32
588,-34
589,-35
590,-33
591,-35
592,-37
593,-38
594,-40
595,-38
596,-36
597,-37
598,-36
599,-36
600,-37
601,-38
602,-37
603,-35
604,-37
605,-36
606,-34
607,-35
608,-33
609,-32
610,-31
611,-31
612,-29
613,-31
614,-29
615,-30
616,-31
617,-31
618,-33
619,-34
620,-36
621,-38
622,-39
623,-41
624,-40
625,-38
626,-38
627,-36
628,-38
629,-40
630,-41
631,-42
632,-43
633,-43
634,-43
635,-44
636,-46
637,-46
638,-44
639,-42
640,-42
641,-42
642,-43
643,-42
644,-44
645,-43
646,-44
647,-45
648,-45
649,-45
650,-43
651,-43
652,-43
653,-44
654,-46
655,-46
656,-46
657,-46
658,-46
659,-44
660,-44
661,-43
662,-45
663,-47
664,-47
665,-45
666,-43
667,-42
668,-41
669,-40
670,-38
671,-39
672,-38
673,-37
674,-35
675,-37
676,-38
677,-37
678,-36
679,-38
680,-40
681,-40
682,-40
683,-38
684,-40
685,-40
686,-41
687,-39
688,-37
689,-36
690,-35
691,-34
692,-32
693,-34
694,-32
695,-33
696,-35
697,-34
698,-35
699,-34
700,-33
701,-32
702,-30
703,-29
704,-28
705,-29
706,-28
707,-29
708,-27
709,-28
710,-29
711,-30
712,-31
713,-30
714,-32
715,-33
716,-32
717,-33
718,-32
719,-30
720,-32
721,-33
722,-32
723,-33
724,-33
725,-31
726,-29
727,-29
728,-27
729,-28
730,-28
731,-28
732,-29
733,-29
734,-30
735,-28
736,-30
737,-31
738,-33
739,-34
740,-33
741,-32
742,-32
743,-33
744,-32
745,-32
746,-30
747,-31
748,-33
749,-33
750,-32
751,-34
752,-32
753,-31
754,-30
755,-29
756,-29
757,-28
758,-28
759,-27
760,-28
761,-26
762,-28
763,-28
764,-27
765,-26
766,-25
767,-24
768,-26
769,-28
770,-29
771,-31
772,-30
773,-32
774,-33
775,-34
776,-32
777,-34
778,-36
779,-38
780,-40
781,-39
782,-41
783,-39
784,-40
785,-41
786,-41
787,-43
788,-41
789,-39
790,-38
791,-40
792,-39
793,-41
794,-39
795,-37
796,-35
797,-35
798,-33
799,-34
800,-34
801,-35
802,-36
803,-38
804,-39
805,-37
806,-36
807,-37
808,-38
809,-37
810,-38
811,-39
812,-40
813,-39
814,-41
815,-39
816,-40
817,-38
818,-36
819,-38
820,-40
821,-38
822,-38
823,-39
824,-41
825,-42
826,-44
827,-45
828,-47
829,-45
830,-45
831,-45
832,-45
833,-47
834,-45
835,-46
836,-47
837,-49
838,-49
839,-49
840,-48
841,-50
842,-48
843,-48
844,-50
845,-51
846,-52
847,-52
848,-51
849,-50
850,-48
851,-47
852,-47
853,-47
854,-48
855,-46
856,-48
857,-49
858,-51
859,-52
860,-51
861,-49
862,-51
863,-53
864,-54
865,-54
866,-55
867,-55
868,-55
869,-57
870,-59
871,-61
872,-61
873,-62
874,-60
875,-62
876,-60
877,-59
878,-57
879,-57
880,-58
881,-57
882,-58
883,-60
884,-60
885,-58
886,-58
887,-57
888,-58
889,-58
890,-56
891,-54
892,-52
893,-53
894,-51
895,-53
896,-52
897,-51
898,-50
899,-52
900,-51
901,-53
902,-52
903,-53
904,-54
905,-54
906,-53
907,-55
908,-57
909,-57
910,-59
911,-58
912,-58
913,-57
914,-55
915,-57
916,-57
917,-58
918,-60
919,-59
920,-61
921,-62
922,-60
923,-61
924,-61
925,-62
926,-62
927,-63
928,-61
929,-61
930,-60
931,-58
932,-56
933,-57
934,-57
935,-57
936,-58
937,-60
938,-58
939,-57
940,-57
941,-55
942,-55
943,-55
944,-55
945,-54
946,-54
947,-56
948,-57
949,-57
950,-59
951,-58
952,-57
953,-59
954,-61
955,-63
956,-62
957,-60
958,-59
959,-59
960,-58
961,-58
962,-57
963,-57
964,-59
965,-60
966,-58
967,-59
968,-60
969,-59
970,-61
971,-62
972,-61
973,-59
974,-58
975,-58
976,-58
977,-58
978,-58
979,-60
980,-58
981,-60
982,-59
983,-57
984,-57
985,-59
986,-60
987,-62
988,-60
989,-62
990,-62
991,-62
992,-60
993,-60
994,-58
995,-56
996,-55
997,-57
998,-56
999,-56
1000,-54
1001,-53
1002,-52
1003,-50
1004,-48
1005,-47
1006,-48
1007,-49
1008,-51
1009,-52
1010,-51
1011,-52
1012,-53
1013,-54
1014,-56
1015,-55
1016,-55
1017,-56
1018,-55
1019,-54
1020,-53
1021,-53
1022,-52
1023,-52
1024,-50
1025,-50
1026,-48
1027,-47
1028,-49
1029,-49
1030,-49
1031,-47
1032,-47
1033,-49
1034,-48
1035,-49
1036,-51
1037,-52
1038,-50
1039,-50
1040,-50
1041,-50
1042,-49
1043,-48
1044,-50
1045,-52
1046,-53
1047,-51
1048,-50
1049,-51
1050,-50
1051,-50
1052,-49
1053,-50
1054,-51
1055,-53
1056,-55
1057,-57
1058,-59
1059,-59
1060,-57
1061,-57
1062,-58
1063,-59
1064,-57
1065,-58
1066,-58
1067,-56
1068,-58
1069,-57
1070,-56
1071,-56
1072,-58
1073,-59
1074,-58
1075,-57
1076,-56
1077,-57
1078,-57
1079,-56
1080,-55
1081,-55
1082,-55
1083,-54
1084,-56
1085,-54
1086,-53
1087,-52
1088,-53
1089,-52
1090,-54
1091,-55
1092,-57
1093,-55
1094,-53
1095,-51
1096,-51
1097,-49
1098,-51
1099,-51
1100,-51
1101,-50
1102,-52
1103,-54
1104,-55
1105,-57
1106,-56
1107,-57
1108,-58
1109,-58
1110,-60
1111,-58
1112,-60
1113,-60
1114,-62
1115,-62
1116,-63
1117,-62
1118,-64
1119,-66
1120,-64
1121,-65
1122,-64
1123,-65
1124,-67
1125,-67
1126,-66
1127,-64
1128,-63
1129,-65
1130,-65
1131,-66
1132,-64
1133,-62
1134,-61
1135,-61
1136,-59
1137,-58
1138,-56
1139,-58
1140,-60
1141,-58
1142,-58
1143,-58
1144,-59
1145,-59
1146,-61
1147,-63
1148,-63
1149,-65
1150,-65
1151,-64
1152,-63
1153,-65
1154,-67
1155,-69
1156,-67
1157,-69
1158,-71
1159,-70
1160,-72
1161,-70
1162,-71
1163,-69
1164,-68
1165,-69
1166,-67
1167,-67
1168,-65
1169,-64
1170,-62
1171,-63
1172,-61
1173,-62
1174,-60
1175,-60
1176,-62
1177,-63
1178,-63
1179,-65
1180,-64
1181,-65
1182,-64
1183,-62
1184,-63
1185,-65
1186,-63
1187,-62
1188,-64
1189,-65
1190,-64
1191,-63
1192,-65
1193,-63
1194,-61
1195,-60
1196,-60
1197,-59
1198,-59
1199,-60
1200,-61
1201,-61
1202,-59
1203,-59
1204,-61
1205,-63
1206,-65
1207,-64
1208,-65
1209,-63
1210,-62
1211,-62
1212,-63
1213,-62
1214,-63
1215,-61
1216,-62
1217,-62
1218,-62
1219,-61
1220,-59
1221,-61
1222,-62
1223,-60
1224,-61
1225,-62
1226,-64
1227,-63
1228,-61
1229,-61
1230,-62
1231,-61
1232,-62
1233,-63
1234,-65
1235,-65
1236,-64
1237,-64
1238,-66
1239,-68
1240,-68
1241,-70
1242,-68
1243,-67
1244,-69
1245,-71
1246,-71
1247,-72
1248,-72
1249,-72
1250,-74
1251,-73
1252,-71
1253,-72
1254,-71
1255,-72
1256,-72
1257,-74
1258,-75
1259,-73
1260,-71
1261,-73
1262,-71
1263,-72
1264,-71
1265,-69
1266,-71
1267,-72
1268,-72
1269,-72
1270,-71
1271,-72
1272,-72
1273,-72
1274,-70
1275,-70
1276,-70
1277,-69
1278,-67
1279,-67
1280,-67
1281,-68
1282,-70
1283,-70
1284,-70
1285,-72
1286,-74
1287,-74
1288,-76
1289,-77
1290,-78
1291,-80
1292,-79
1293,-81
1294,-80
1295,-81
1296,-82
1297,-81
1298,-80
1299,-82
1300,-84
1301,-85
1302,-86
1303,-84
1304,-82
1305,-82
1306,-81
1307,-80
1308,-79
1309,-77
1310,-79
1311,-81
1312,-83
1313,-84
1314,-84
1315,-83
1316,-82
1317,-80
1318,-80
1319,-78
1320,-79
1321,-78
1322,-79
1323,-77
1324,-79
1325,-77
1326,-78
1327,-79
1328,-77
1329,-78
1330,-76
1331,-77
1332,-77
1333,-77
1334,-77
1335,-76
1336,-78
1337,-80
1338,-80
1339,-82
1340,-82
1341,-80
1342,-82
1343,-82
1344,-84
1345,-86
1346,-86
1347,-84
1348,-82
1349,-80
1350,-82
1351,-82
1352,-80
1353,-79
1354,-77
1355,-75
1356,-73
1357,-73
1358,-72
1359,-71
1360,-70
1361,-70
1362,-71
1363,-71
1364,-69
1365,-71
1366,-72
1367,-73
1368,-75
1369,-74
1370,-75
1371,-73
1372,-73
1373,-71
1374,-71
1375,-73
1376,-71
1377,-69
1378,-70
1379,-72
1380,-73
1381,-72
1382,-71
1383,-73
1384,-74
1385,-74
1386,-74
1387,-76
1388,-74
1389,-76
1390,-78
1391,-76
1392,-74
1393,-75
1394,-76
1395,-78
1396,-79
1397,-79
1398,-79
1399,-78
1400,-80
1401,-82
1402,-81
1403,-83
1404,-81
1405,-81
1406,-81
1407,-83
1408,-82
1409,-81
1410,-82
1411,-80
1412,-81
1413,-79
1414,-79
1415,-77
1416,-76
1417,-74
1418,-72
1419,-72
1420,-70
1421,-68
1422,-69
1423,-71
1424,-71
1425,-71
1426,-73
1427,-75
1428,-75
1429,-73
1430,-72
1431,-72
1432,-72
1433,-71
1434,-69
1435,-70
1436,-70
1437,-71
1438,-69
1439,-70
1440,-71
1441,-73
1442,-75
1443,-73
1444,-74
1445,-74
1446,-73
1447,-71
1448,-72
1449,-72
1450,-71
1451,-71
1452,-70
1453,-71
1454,-69
1455,-71
1456,-73
1457,-75
1458,-77
1459,-77
1460,-78
1461,-79
1462,-79
1463,-78
1464,-79
1465,-78
1466,-78
1467,-76
1468,-78
1469,-79
1470,-81
1471,-80
1472,-79
1473,-79
1474,-78
1475,-76
1476,-76
1477,-77
1478,-79
1479,-81
1480,-82
1481,-84
1482,-83
1483,-81
1484,-80
1485,-80
1486,-80
1487,-79
1488,-77
1489,-77
1490,-76
1491,-77
1492,-79
1493,-81
1494,-82
1495,-82
1496,-81
1497,-80
1498,-79
1499,-81
1500,-79
1501,-78
1502,-76
1503,-76
1504,-76
1505,-74
1506,-73
1507,-71
1508,-73
1509,-75
1510,-77
1511,-76
1512,-76
1513,-75
1514,-77
1515,-79
1516,-79
1517,-79
1518,-77
1519,-75
1520,-76
1521,-76
1522,-76
1523,-76
1524,-74
1525,-73
1526,-74
1527,-74
1528,-74
1529,-72
1530,-74
1531,-73
1532,-71
1533,-69
1534,-68
1535,-69
1536,-68
1537,-67
1538,-68
1539,-70
1540,-68
1541,-69
1542,-70
1543,-69
1544,-70
1545,-71
1546,-69
1547,-71
1548,-70
1549,-72
1550,-70
1551,-71
1552,-71
1553,-70
1554,-69
1555,-68
1556,-68
1557,-69
1558,-71
1559,-72
1560,-74
1561,-76
1562,-74
1563,-75
1564,-76
1565,-76
1566,-75
1567,-73
1568,-74
1569,-75
1570,-75
1571,-75
1572,-75
1573,-74
1574,-76
1575,-75
1576,-73
1577,-71
1578,-73
1579,-71
1580,-72
1581,-72
1582,-74
1583,-73
1584,-75
1585,-76
1586,-77
1587,-75
1588,-75
1589,-73
1590,-75
1591,-77
1592,-78
1593,-80
1594,-79
1595,-81
1596,-79
1597,-80
1598,-81
1599,-81
1600,-81
1601,-80
1602,-78
1603,-79
1604,-80
1605,-80
1606,-81
1607,-81
1608,-80
1609,-80
1610,-81
1611,-83
1612,-81
1613,-79
1614,-81
1615,-82
1616,-82
1617,-80
1618,-81
1619,-82
1620,-84
1621,-85
1622,-86
1623,-87
1624,-86
1625,-86
1626,-85
1627,-84
1628,-83
1629,-85
1630,-85
1631,-84
1632,-83
1633,-83
1634,-81
1635,-81
1636,-82
1637,-81
1638,-79
1639,-77
1640,-79
1641,-78
1642,-79
1643,-80
1644,-78
1645,-78
1646,-76
1647,-77
1648,-76
1649,-78
1650,-78
1651,-77
1652,-75
1653,-76
1654,-77
1655,-75
1656,-74
1657,-76
1658,-76
1659,-75
1660,-77
1661,-79
1662,-78
1663,-77
1664,-75
1665,-77
1666,-77
1667,-77
1668,-76
1669,-74
1670,-75
1671,-77
1672,-77
1673,-79
1674,-78
1675,-77
1676,-77
1677,-77
1678,-75
1679,-75
1680,-74
1681,-73
1682,-75
1683,-73
1684,-74
1685,-75
1686,-74
1687,-75
1688,-76
1689,-75
1690,-75
1691,-74
1692,-76
1693,-78
1694,-78
1695,-79
1696,-81
1697,-82
1698,-81
1699,-83
1700,-85
1701,-86
1702,-88
1703,-88
1704,-89
1705,-88
1706,-88
1707,-90
1708,-89
1709,-88
1710,-88
1711,-87
1712,-87
1713,-87
1714,-87
1715,-89
1716,-87
1717,-87
1718,-87
1719,-87
1720,-89
1721,-87
1722,-88
1723,-88
1724,-89
1725,-91
1726,-90
1727,-88
1728,-89
1729,-90
1730,-88
1731,-88
1732,-87
1733,-87
1734,-88
1735,-86
1736,-86
1737,-84
1738,-86
1739,-88
1740,-88
1741,-86
1742,-85
1743,-86
1744,-86
1745,-86
1746,-86
1747,-85
1748,-87
1749,-88
1750,-88
1751,-88
1752,-88
1753,-90
1754,-92
1755,-94
1756,-96
1757,-95
1758,-93
1759,-91
1760,-91
1761,-92
1762,-93
1763,-95
1764,-94
1765,-92
1766,-93
1767,-93
1768,-92
1769,-91
1770,-90
1771,-89
1772,-88
1773,-87
1774,-88
1775,-88
1776,-87
1777,-89
1778,-91
1779,-93
1780,-92
1781,-90
1782,-88
1783,-90
1784,-92
1785,-90
1786,-91
1787,-93
1788,-95
1789,-95
1790,-96
1791,-96
1792,-95
1793,-95
1794,-93
1795,-94
1796,-92
1797,-94
1798,-95
1799,-93
1800,-91
1801,-92
1802,-92
1803,-92
1804,-93
1805,-94
1806,-92
1807,-90
1808,-91
1809,-92
1810,-93
1811,-95
1812,-97
1813,-98
1814,-98
1815,-100
1816,-100
1817,-99
1818,-98
1819,-98
1820,-99
1821,-97
1822,-98
1823,-99
1824,-97
1825,-99
1826,-101
1827,-100
1828,-101
1829,-102
1830,-102
1831,-104
1832,-104
1833,-104
1834,-104
1835,-103
1836,-102
1837,-101
1838,-103
1839,-104
1840,-102
1841,-103
1842,-104
1843,-105
1844,-105
1845,-103
1846,-103
1847,-105
1848,-103
1849,-103
1850,-101
1851,-101
1852,-100
1853,-101
1854,-99
1855,-99
1856,-98
1857,-99
1858,-99
1859,-97
1860,-97
1861,-99
1862,-97
1863,-95
1864,-93
1865,-92
1866,-90
1867,-90
1868,-89
1869,-87
1870,-86
1871,-86
1872,-87
1873,-87
1874,-85
1875,-84
1876,-83
1877,-82
1878,-84
1879,-82
1880,-82
1881,-84
1882,-84
1883,-86
1884,-85
1885,-84
1886,-83
1887,-84
1888,-82
1889,-82
1890,-83
1891,-82
1892,-82
1893,-82
1894,-80
1895,-79
1896,-78
1897,-77
1898,-79
1899,-80
1900,-79
1901,-80
1902,-81
1903,-79
1904,-78
1905,-80
1906,-78
1907,-77
1908,-79
1909,-79
1910,-79
1911,-79
1912,-79
1913,-80
1914,-80
1915,-80
1916,-81
1917,-81
1918,-83
1919,-83
1920,-85
1921,-86
1922,-88
1923,-86
1924,-87
1925,-85
1926,-84
1927,-85
1928,-84
1929,-86
1930,-84
1931,-83
1932,-84
1933,-86
1934,-86
1935,-87
1936,-87
1937,-86
1938,-84
1939,-84
1940,-86
1941,-84
1942,-82
1943,-80
1944,-82
1945,-80
1946,-79
1947,-79
1948,-78
1949,-76
1950,-77
1951,-76
1952,-76
1953,-76
1954,-78
1955,-77
1956,-76
1957,-78
1958,-79
1959,-80
1960,-82
1961,-83
1962,-81
1963,-79
1964,-80
1965,-79
1966,-79
1967,-77
1968,-75
1969,-73
1970,-72
1971,-70
1972,-69
1973,-71
1974,-72
1975,-74
1976,-72
1977,-70
1978,-68
1979,-68
1980,-67
1981,-68
1982,-67
1983,-68
1984,-67
1985,-66
1986,-67
1987,-68
1988,-70
1989,-72
1990,-74
1991,-76
1992,-77
1993,-78
1994,-79
1995,-79
1996,-79
1997,-77
1998,-76
1999,-77
2000,-79
2001,-79
2002,-79
2003,-78
2004,-78
2005,-80
2006,-82
2007,-83
2008,-85
2009,-87
2010,-89
2011,-91
2012,-92
2013,-91
2014,-90
2015,-91
2016,-90
2017,-90
2018,-88
2019,-87
2020,-87
2021,-88
2022,-89
2023,-88
2024,-90
2025,-88
2026,-88
2027,-88
2028,-90
2029,-91
2030,-93
2031,-95
2032,-97
2033,-95
2034,-97
2035,-97
2036,-99
2037,-100
2038,-102
2039,-102
2040,-103
2041,-103
2042,-101
2043,-99
2044,-98
2045,-100
2046,-100
2047,-101
2048,-101
2049,-102
2050,-102
2051,-103
2052,-105
2053,-107
2054,-108
2055,-110
2056,-108
2057,-107
2058,-107
2059,-109
2060,-110
2061,-108
2062,-108
2063,-107
2064,-106
2065,-105
2066,-107
2067,-106
2068,-104
2069,-104
2070,-104
2071,-104
2072,-106
2073,-106
2074,-105
2075,-104
2076,-104
2077,-106
2078,-107
2079,-105
2080,-104
2081,-106
2082,-106
2083,-105
2084,-107
2085,-106
2086,-108
2087,-108
2088,-107
2089,-105
2090,-103
2091,-103
2092,-102
2093,-103
2094,-105
2095,-105
2096,-106
2097,-105
2098,-105
2099,-107
2100,-109
2101,-111
2102,-109
2103,-109
2104,-109
2105,-109
2106,-111
2107,-112
2108,-112
2109,-110
2110,-110
2111,-109
2112,-107
2113,-105
2114,-104
2115,-104
2116,-102
2117,-100
2118,-101
2119,-101
2120,-100
2121,-102
2122,-103
2123,-103
2124,-102
2125,-102
2126,-103
2127,-105
2128,-107
2129,-109
2130,-109
2131,-109
2132,-111
2133,-111
2134,-113
2135,-111
2136,-109
2137,-109
2138,-111
2139,-109
2140,-110
2141,-110
2142,-108
2143,-109
2144,-108
2145,-108
2146,-107
2147,-107
2148,-108
2149,-106
2150,-108
2151,-110
2152,-111
2153,-112
2154,-110
2155,-111
2156,-113
2157,-113
2158,-114
2159,-114
2160,-114
2161,-115
2162,-117
2163,-116
2164,-115
2165,-115
2166,-113
2167,-111
2168,-112
2169,-112
2170,-114
2171,-113
2172,-111
2173,-109
2174,-110
2175,-112
2176,-112
2177,-113
2178,-113
2179,-112
2180,-112
2181,-112
2182,-114
2183,-113
2184,-114
2185,-112
2186,-113
2187,-112
2188,-113
2189,-112
2190,-113
2191,-111
2192,-112
2193,-111
2194,-109
2195,-107
2196,-107
2197,-109
2198,-111
2199,-110
2200,-110
2201,-111
2202,-112
2203,-110
2204,-112
2205,-112
2206,-110
2207,-110
2208,-109
2209,-110
2210,-109
2211,-111
2212,-112
2213,-111
2214,-113
2215,-111
2216,-110
2217,-110
2218,-110
2219,-111
2220,-111
2221,-110
2222,-110
2223,-109
2224,-110
2225,-111
2226,-109
2227,-108
2228,-106
2229,-104
2230,-104
2231,-105
2232,-107
2233,-109
2234,-109
2235,-108
2236,-107
2237,-108
2238,-110
2239,-109
2240,-111
2241,-113
2242,-114
2243,-115
2244,-113
2245,-114
2246,-116
2247,-114
2248,-116
2249,-116
2250,-118
2251,-118
2252,-117
2253,-119
2254,-119
2255,-120
2256,-119
2257,-120
2258,-120
2259,-120
2260,-121
2261,-122
2262,-123
2263,-122
2264,-123
2265,-122
2266,-123
2267,-124
2268,-124
2269,-122
2270,-122
2271,-122
2272,-120
2273,-119
2274,-118
2275,-117
2276,-115
2277,-117
2278,-115
2279,-117
2280,-115
2281,-115
2282,-113
2283,-111
2284,-111
2285,-111
2286,-112
2287,-114
2288,-113
2289,-112
2290,-111
2291,-112
2292,-113
2293,-111
2294,-111
2295,-111
2296,-111
2297,-110
2298,-111
2299,-109
2300,-107
2301,-106
2302,-105
2303,-103
2304,-102
2305,-101
2306,-99
2307,-97
2308,-96
2309,-94
2310,-95
2311,-97
2312,-98
2313,-99
2314,-97
2315,-96
2316,-95
2317,-95
2318,-97
2319,-96
2320,-96
2321,-95
2322,-95
2323,-94
2324,-92
2325,-90
2326,-89
2327,-87
2328,-87
2329,-88
2330,-87
2331,-87
2332,-88
2333,-86
2334,-85
2335,-83
2336,-83
2337,-81
2338,-80
2339,-79
2340,-78
2341,-80
2342,-79
2343,-80
2344,-79
2345,-77
2346,-78
2347,-77
2348,-75
2349,-75
2350,-76
2351,-75
2352,-75
2353,-74
2354,-74
2355,-74
2356,-74
2357,-74
2358,-75
2359,-75
2360,-77
2361,-78
2362,-79
2363,-80
2364,-82
2365,-80
2366,-80
2367,-79
2368,-78
2369,-80
2370,-79
2371,-77
2372,-77
2373,-76
2374,-76
2375,-78
2376,-76
2377,-74
2378,-73
2379,-72
2380,-71
2381,-71
2382,-71
2383,-73
2384,-73
2385,-74
2386,-74
2387,-76
2388,-75
2389,-74
2390,-72
2391,-74
2392,-74
2393,-76
2394,-77
2395,-77
2396,-75
2397,-74
2398,-74
2399,-72
2400,-74
2401,-76
2402,-78
2403,-80
2404,-82
2405,-81
2406,-81
2407,-83
2408,-83
2409,-82
2410,-81
2411,-83
2412,-85
2413,-85
2414,-87
2415,-87
2416,-86
2417,-88
2418,-86
2419,-85
2420,-87
2421,-86
2422,-85
2423,-85
2424,-84
2425,-85
2426,-85
2427,-83
2428,-81
2429,-82
2430,-83
2431,-83
2432,-83
2433,-84
2434,-84
2435,-84
2436,-85
2437,-86
2438,-84
2439,-83
2440,-81
2441,-80
2442,-82
2443,-83
2444,-85
2445,-84
2446,-85
2447,-83
2448,-85
2449,-87
2450,-85
2451,-87
2452,-88
2453,-87
2454,-86
2455,-87
2456,-85
2457,-85
2458,-86
2459,-87
2460,-86
2461,-84
2462,-86
2463,-86
2464,-88
2465,-86
2466,-86
2467,-86
2468,-88
2469,-89
2470,-89
2471,-89
2472,-87
2473,-89
2474,-88
2475,-88
2476,-90
2477,-88
2478,-87
2479,-89
2480,-89
2481,-89
2482,-91
2483,-90
2484,-90
2485,-92
2486,-90
2487,-88
2488,-88
2489,-88
2490,-90
2491,-91
2492,-92
2493,-92
2494,-94
2495,-92
2496,-93
2497,-93
2498,-92
2499,-91
2500,-89
2501,-89
2502,-91
2503,-93
2504,-93
2505,-91
2506,-91
2507,-91
2508,-93
2509,-95
2510,-93
2511,-93
2512,-92
2513,-94
2514,-94
2515,-94
2516,-94
2517,-94
2518,-95
2519,-97
2520,-95
2521,-94
2522,-93
2523,-92
2524,-94
2525,-93
2526,-93
2527,-94
2528,-95
2529,-95
2530,-95
2531,-95
2532,-93
2533,-93
2534,-93
2535,-91
2536,-92
2537,-94
2538,-95
2539,-93
2540,-93
2541,-92
2542,-93
2543,-93
2544,-92
2545,-90
2546,-92
2547,-92
2548,-91
2549,-92
2550,-90
2551,-88
2552,-90
2553,-90
2554,-90
2555,-92
2556,-91
2557,-92
2558,-90
2559,-91
2560,-90
2561,-91
2562,-90
2563,-89
2564,-88
2565,-88
2566,-88
2567,-88
2568,-88
2569,-90
2570,-91
2571,-91
2572,-90
2573,-88
2574,-86
2575,-85
2576,-87
2577,-85
2578,-84
2579,-83
2580,-82
2581,-82
2582,-81
2583,-80
2584,-82
2585,-82
2586,-84
2587,-86
2588,-84
2589,-85
2590,-86
2591,-84
2592,-84
2593,-85
2594,-85
2595,-84
2596,-83
2597,-84
2598,-84
2599,-83
2600,-81
2601,-83
2602,-85
2603,-83
2604,-84
2605,-85
2606,-87
2607,-87
2608,-88
2609,-87
2610,-87
2611,-88
2612,-90
2613,-90
2614,-88
2615,-88
2616,-90
2617,-91
2618,-91
2619,-92
2620,-91
2621,-93
2622,-95
2623,-95
2624,-96
2625,-95
2626,-95
2627,-95
2628,-96
2629,-94
2630,-94
2631,-96
2632,-97
2633,-97
2634,-99
2635,-98
2636,-100
2637,-100
2638,-100
2639,-99
2640,-101
2641,-99
2642,-97
2643,-99
2644,-99
2645,-101
2646,-100
2647,-98
2648,-98
2649,-98
2650,-100
2651,-102
2652,-101
2653,-103
2654,-101
2655,-102
2656,-104
2657,-104
2658,-103
2659,-103
2660,-102
2661,-104
2662,-102
2663,-104
2664,-102
2665,-100
2666,-102
2667,-102
2668,-103
2669,-103
2670,-105
2671,-104
2672,-103
2673,-105
2674,-103
2675,-105
2676,-107
2677,-105
2678,-103
2679,-103
2680,-104
2681,-105
2682,-103
2683,-104
2684,-104
2685,-102
2686,-101
2687,-101
2688,-100
2689,-99
2690,-100
2691,-101
2692,-102
2693,-103
2694,-104
2695,-106
2696,-106
2697,-105
2698,-103
2699,-104
2700,-106
2701,-108
2702,-106
2703,-104
2704,-106
2705,-108
2706,-109
2707,-109
2708,-107
2709,-106
2710,-106
2711,-105
2712,-103
2713,-104
2714,-102
2715,-101
2716,-101
2717,-101
2718,-102
2719,-102
2720,-103
2721,-101
2722,-99
2723,-99
2724,-101
2725,-101
2726,-99
2727,-98
2728,-99
2729,-97
2730,-98
2731,-97
2732,-98
2733,-100
2734,-100
2735,-101
2736,-102
2737,-103
2738,-105
2739,-105
2740,-103
2741,-103
2742,-105
2743,-107
2744,-105
2745,-105
2746,-103
2747,-102
2748,-100
2749,-100
2750,-101
2751,-101
2752,-102
2753,-102
2754,-103
2755,-101
2756,-99
2757,-100
2758,-98
2759,-98
2760,-98
2761,-100
2762,-101
2763,-100
2764,-100
2765,-102
2766,-103
2767,-102
2768,-103
2769,-104
2770,-103
2771,-103
2772,-101
2773,-103
2774,-102
2775,-104
2776,-104
2777,-102
2778,-104
2779,-102
2780,-101
2781,-100
2782,-101
2783,-102
2784,-104
2785,-103
2786,-105
2787,-107
2788,-108
2789,-109
2790,-109
2791,-108
2792,-109
2793,-108
2794,-107
2795,-105
2796,-103
2797,-101
2798,-99
2799,-99
2800,-99
2801,-99
2802,-101
2803,-102
2804,-104
2805,-106
2806,-105
2807,-103
2808,-104
2809,-102
2810,-101
2811,-99
2812,-99
2813,-99
2814,-99
2815,-101
2816,-103
2817,-105
2818,-107
2819,-106
2820,-107
2821,-105
2822,-104
2823,-103
2824,-105
2825,-106
2826,-104
2827,-102
2828,-102
2829,-101
2830,-100
2831,-98
2832,-97
2833,-96
2834,-95
2835,-97
2836,-99
2837,-98
2838,-96
2839,-97
2840,-97
2841,-96
2842,-96
2843,-96
2844,-98
2845,-98
2846,-98
2847,-98
2848,-98
2849,-96
2850,-98
2851,-97
2852,-96
2853,-95
2854,-94
2855,-93
2856,-94
2857,-94
2858,-92
2859,-91
2860,-90
2861,-89
2862,-87
2863,-86
2864,-85
2865,-85
2866,-84
2867,-85
2868,-86
2869,-86
2870,-86
2871,-88
2872,-90
2873,-90
2874,-88
2875,-88
2876,-86
2877,-85
2878,-83
2879,-82
2880,-82
2881,-83
2882,-82
2883,-81
2884,-79
2885,-79
2886,-78
2887,-78
2888,-79
2889,-81
2890,-83
2891,-84
2892,-86
2893,-88
2894,-86
2895,-88
2896,-86
2897,-84
2898,-85
2899,-85
2900,-85
2901,-86
2902,-85
2903,-83
2904,-82
2905,-80
2906,-80
2907,-78
2908,-77
2909,-76
2910,-76
2911,-76
2912,-78
2913,-78
2914,-78
2915,-79
2916,-77
2917,-78
2918,-76
2919,-75
2920,-76
2921,-74
2922,-75
2923,-74
2924,-75
2925,-76
2926,-75
2927,-76
2928,-78
2929,-80
2930,-79
2931,-77
2932,-78
2933,-77
2934,-75
2935,-76
2936,-75
2937,-74
2938,-74
2939,-73
2940,-74
2941,-75
2942,-75
2943,-76
2944,-75
2945,-77
2946,-76
2947,-78
2948,-79
2949,-79
2950,-78
2951,-76
2952,-75
2953,-73
2954,-73
2955,-73
2956,-73
2957,-75
2958,-74
2959,-76
2960,-76
2961,-75
2962,-76
2963,-78
2964,-76
2965,-78
2966,-79
2967,-77
2968,-76
2969,-78
2970,-76
2971,-76
2972,-77
2973,-78
2974,-77
2975,-79
2976,-80
2977,-79
2978,-79
2979,-77
2980,-77
2981,-77
2982,-76
2983,-77
2984,-78
2985,-78
2986,-80
2987,-81
2988,-83
2989,-85
2990,-84
2991,-82
2992,-81
2993,-79
2994,-81
2995,-79
2996,-79
2997,-78
2998,-80
2999,-80
3000,-78
3001,-76
3002,-74
3003,-74
3004,-75
3005,-77
3006,-75
3007,-75
3008,-74
3009,-75
3010,-73
3011,-74
3012,-73
3013,-71
3014,-69
3015,-69
3016,-69
3017,-67
3018,-66
3019,-64
3020,-62
3021,-61
3022,-60
3023,-58
3024,-58
3025,-57
3026,-58
3027,-59
3028,-59
3029,-60
3030,-58
3031,-57
3032,-58
3033,-57
3034,-59
3035,-57
3036,-56
3037,-58
3038,-57
3039,-55
3040,-54
3041,-54
3042,-54
3043,-54
3044,-54
3045,-55
3046,-53
3047,-51
3048,-51
3049,-49
3050,-51
3051,-50
3052,-50
3053,-49
3054,-47
3055,-48
3056,-46
3057,-48
3058,-47
3059,-46
3060,-46
3061,-44
3062,-45
3063,-47
3064,-45
3065,-44
3066,-42
3067,-44
3068,-46
3069,-46
3070,-44
3071,-42
3072,-44
3073,-45
3074,-46
3075,-44
3076,-42
3077,-42
3078,-41
3079,-42
3080,-43
3081,-45
3082,-43
3083,-45
3084,-44
3085,-43
3086,-42
3087,-42
3088,-43
3089,-42
3090,-42
3091,-44
3092,-44
3093,-46
3094,-48
3095,-48
3096,-46
3097,-47
3098,-47
3099,-45
3100,-44
3101,-43
3102,-45
3103,-47
3104,-45
3105,-44
3106,-42
3107,-44
3108,-46
3109,-44
3110,-45
3111,-44
3112,-42
3113,-42
3114,-44
3115,-46
3116,-46
3117,-44
3118,-42
3119,-44
3120,-42
3121,-42
3122,-44
3123,-44
3124,-44
3125,-44
3126,-45
3127,-44
3128,-43
3129,-45
3130,-47
3131,-45
3132,-44
3133,-46
3134,-47
3135,-45
3136,-43
3137,-44
3138,-42
3139,-43
3140,-43
3141,-43
3142,-45
3143,-43
3144,-44
3145,-46
3146,-47
3147,-49
3148,-50
3149,-52
3150,-53
3151,-52
3152,-50
3153,-51
3154,-53
3155,-53
3156,-51
3157,-50
3158,-50
3159,-48
3160,-50
3161,-50
3162,-49
3163,-51
3164,-50
3165,-52
3166,-53
3167,-51
3168,-50
3169,-50
3170,-52
3171,-52
3172,-50
3173,-52
3174,-53
3175,-53
3176,-52
3177,-52
3178,-52
3179,-53
3180,-55
3181,-57
3182,-55
3183,-53
3184,-53
3185,-54
3186,-53
3187,-52
3188,-53
3189,-54
3190,-54
3191,-55
3192,-54
3193,-53
3194,-54
3195,-53
3196,-55
3197,-53
3198,-53
3199,-52
3200,-53
3201,-52
3202,-54
3203,-54
3204,-56
3205,-54
3206,-52
3207,-54
3208,-53
3209,-51
3210,-49
3211,-48
3212,-46
3213,-45
3214,-47
3215,-46
3216,-46
3217,-48
3218,-47
3219,-46
3220,-47
3221,-46
3222,-46
3223,-46
3224,-47
3225,-49
3226,-49
3227,-50
3228,-52
3229,-52
3230,-53
3231,-54
3232,-54
3233,-55
3234,-53
3235,-53
3236,-53
3237,-55
3238,-57
3239,-58
3240,-56
3241,-54
3242,-55
3243,-56
3244,-54
3245,-55
3246,-53
3247,-54
3248,-52
3249,-51
3250,-51
3251,-53
3252,-54
3253,-52
3254,-50
3255,-48
3256,-46
3257,-46
3258,-48
3259,-49
3260,-50
3261,-49
3262,-48
3263,-47
3264,-45
3265,-43
3266,-43
3267,-41
3268,-42
3269,-42
3270,-44
3271,-43
3272,-42
3273,-41
3274,-39
3275,-38
3276,-38
3277,-40
3278,-38
3279,-39
3280,-41
3281,-40
3282,-39
3283,-40
3284,-40
3285,-39
3286,-39
3287,-37
3288,-37
3289,-35
3290,-37
3291,-36
3292,-36
3293,-38
3294,-39
3295,-37
3296,-38
3297,-37
3298,-36
3299,-35
3300,-34
3301,-36
3302,-37
3303,-38
3304,-37
3305,-37
3306,-35
3307,-37
3308,-37
3309,-38
3310,-37
3311,-36
3312,-34
3313,-34
3314,-35
3315,-33
3316,-33
3317,-31
3318,-30
3319,-28
3320,-27
3321,-29
3322,-27
3323,-28
3324,-27
3325,-27
3326,-29
3327,-27
3328,-27
3329,-29
3330,-29
3331,-31
3332,-33
3333,-35
3334,-33
3335,-32
3336,-32
3337,-31
3338,-32
3339,-34
3340,-35
3341,-33
3342,-35
3343,-34
3344,-33
3345,-34
3346,-34
3347,-36
3348,-38
3349,-38
3350,-39
3351,-40
3352,-38
3353,-40
3354,-38
3355,-38
3356,-36
3357,-37
3358,-37
3359,-37
3360,-38
3361,-39
3362,-37
3363,-38
3364,-38
3365,-37
3366,-38
3367,-39
3368,-37
3369,-37
3370,-36
3371,-36
3372,-34
3373,-33
3374,-35
3375,-33
3376,-35
3377,-33
3378,-35
3379,-35
3380,-34
3381,-33
3382,-35
3383,-34
3384,-35
3385,-33
3386,-35
3387,-37
3388,-39
3389,-37
3390,-35
3391,-36
3392,-37
3393,-35
3394,-33
3395,-35
3396,-33
3397,-34
3398,-35
3399,-34
3400,-36
3401,-38
3402,-37
3403,-35
3404,-37
3405,-36
3406,-37
3407,-37
3408,-39
3409,-40
3410,-42
3411,-41
3412,-42
3413,-44
3414,-43
3415,-43
3416,-43
3417,-41
3418,-43
3419,-43
3420,-45
3421,-43
3422,-44
3423,-45
3424,-47
3425,-49
3426,-48
3427,-50
3428,-51
3429,-53
3430,-55
3431,-55
3432,-55
3433,-54
3434,-53
3435,-51
3436,-51
3437,-49
3438,-49
3439,-47
3440,-47
3441,-45
3442,-45
3443,-43
3444,-41
3445,-42
3446,-43
3447,-44
3448,-44
3449,-45
3450,-46
3451,-46
3452,-45
3453,-45
3454,-46
3455,-45
3456,-45
3457,-43
3458,-42
3459,-40
3460,-41
3461,-39
3462,-38
3463,-37
3464,-37
3465,-38
3466,-37
3467,-38
3468,-39
3469,-39
3470,-41
3471,-40
3472,-41
3473,-43
3474,-41
3475,-41
3476,-42
3477,-41
3478,-42
3479,-44
3480,-42
3481,-42
3482,-42
3483,-40
3484,-38
3485,-37
3486,-36
3487,-35
3488,-37
3489,-38
3490,-36
3491,-37
3492,-37
3493,-37
3494,-37
3495,-37
3496,-38
3497,-38
3498,-37
3499,-37
3500,-35
3501,-36
3502,-36
3503,-38
3504,-39
3505,-37
3506,-37
3507,-37
3508,-37
3509,-39
3510,-39
3511,-38
3512,-38
3513,-39
3514,-38
3515,-37
3516,-37
3517,-38
3518,-38
3519,-38
3520,-36
3521,-35
3522,-37
3523,-37
3524,-38
3525,-38
3526,-36
3527,-36
3528,-34
3529,-32
3530,-33
3531,-32
3532,-34
3533,-36
3534,-38
3535,-39
3536,-37
3537,-36
3538,-38
3539,-39
3540,-38
3541,-36
3542,-38
3543,-37
3544,-38
3545,-37
3546,-38
3547,-40
3548,-41
3549,-43
3550,-41
3551,-43
3552,-44
3553,-42
3554,-40
3555,-38
3556,-38
3557,-40
3558,-41
3559,-42
3560,-44
3561,-42
3562,-44
3563,-44
3564,-45
3565,-45
3566,-43
3567,-44
3568,-46
3569,-44
3570,-44
3571,-45
3572,-46
3573,-44
3574,-45
3575,-45
3576,-43
3577,-41
3578,-39
3579,-41
3580,-41
3581,-40
3582,-39
3583,-38
3584,-38
3585,-38
3586,-38
3587,-36
3588,-35
3589,-37
3590,-36
3591,-38
3592,-39
3593,-38
3594,-38
3595,-38
3596,-40
3597,-39
3598,-38
3599,-37
3600,-39
3601,-38
3602,-39
3603,-40
3604,-40
3605,-38
3606,-40
3607,-40
3608,-39
3609,-37
3610,-35
3611,-37
3612,-37
3613,-37
3614,-39
3615,-40
3616,-42
3617,-42
3618,-43
3619,-45
3620,-43
3621,-41
3622,-41
3623,-43
3624,-41
3625,-39
3626,-38
3627,-39
3628,-41
3629,-42
3630,-43
3631,-45
3632,-46
3633,-44
3634,-45
3635,-46
3636,-45
3637,-44
3638,-46
3639,-44
3640,-44
3641,-42
3642,-43
3643,-44
3644,-44
3645,-44
3646,-44
3647,-42
3648,-43
3649,-45
3650,-46
