Days,Stock Price
1,0
2,2
3,0
4,0
5,2
6,1
7,3
8,4
9,3
10,3
11,1
12,-1
13,-3
14,-3
15,-2
16,0
17,1
18,-1
19,1
20,0
21,2
22,3
23,5
24,6
25,6
26,5
27,6
28,8
29,7
30,8
31,10
32,8
33,10
34,10
35,12
36,13
37,14
38,12
39,13
40,13
41,13
42,12
43,12
44,13
45,14
46,13
47,15
48,17
49,18
50,20
51,18
52,18
53,18
54,18
55,19
56,18
57,19
58,18
59,19
60,18
61,17
62,17
63,19
64,18
65,20
66,21
67,20
68,18
69,17
70,15
71,15
72,16
73,15
74,14
75,15
76,17
77,19
78,20
79,21
80,21
81,23
82,22
83,22
84,23
85,24
86,22
87,22
88,23
89,24
90,22
91,21
92,23
93,23
94,21
95,21
96,23
97,22
98,24
99,23
100,23
101,22
102,23
103,21
104,21
105,20
106,22
107,23
108,22
109,24
110,26
111,24
112,25
113,25
114,25
115,26
116,26
117,28
118,26
119,24
120,24
121,22
122,21
123,23
124,24
125,26
126,25
127,27
128,25
129,25
130,23
131,25
132,26
133,24
134,23
135,23
136,22
137,22
138,21
139,23
140,22
141,22
142,22
143,21
144,23
145,22
146,20
147,19
148,18
149,16
150,17
151,15
152,14
153,13
154,15
155,14
156,12
157,13
158,11
159,11
160,9
161,9
162,8
163,10
164,10
165,11
166,10
167,8
168,8
169,10
170,10
171,12
172,11
173,13
174,13
175,11
176,9
177,9
178,10
179,11
180,9
181,8
182,10
183,9
184,7
185,5
186,7
187,5
188,6
189,5
190,6
191,8
192,9
193,8
194,6
195,6
196,5
197,4
198,6
199,8
200,9
201,10
202,8
203,10
204,10
205,10
206,10
207,8
208,8
209,6
210,4
211,4
212,6
213,5
214,3
215,5
216,5
217,4
218,3
219,3
220,3
221,2
222,1
223,1
224,2
225,3
226,2
227,1
228,1
229,1
230,-1
231,-3
232,-4
233,-4
234,-2
235,-4
236,-4
237,-3
238,-5
239,-3
240,-1
241,0
242,1
243,-1
244,1
245,2
246,1
247,0
248,-1
249,-1
250,1
251,2
252,1
253,1
254,1
255,3
256,4
257,5
258,5
259,3
260,1
261,-1
262,-3
263,-4
264,-4
265,-5
266,-5
267,-3
268,-5
269,-3
270,-5
271,-6
272,-6
273,-5
274,-6
275,-4
276,-3
277,-1
278,-1
279,1
280,0
281,-1
282,-1
283,1
284,0
285,-1
286,0
287,2
288,4
289,3
290,2
291,2
292,3
293,2
294,0
295,-2
296,0
297,0
298,0
299,2
300,4
301,4
302,2
303,3
304,2
305,3
306,3
307,5
308,5
309,5
310,7
311,6
312,4
313,5
314,3
315,2
316,0
317,-1
318,-1
319,-2
320,0
321,1
322,2
323,2
324,1
325,3
326,5
327,4
328,5
329,4
330,4
331,6
332,8
333,9
334,10
335,8
336,9
337,9
338,8
339,9
340,11
341,9
342,8
343,6
344,5
345,4
346,5
347,4
348,6
349,7
350,7
351,8
352,9
353,10
354,10
355,8
356,8
357,8
358,9
359,7
360,5
361,3
362,1
363,3
364,1
365,-1
366,-2
367,-3
368,-1
369,0
370,2
371,4
372,2
373,0
374,-1
375,-2
376,-1
377,1
378,3
379,1
380,3
381,5
382,6
383,7
384,7
385,8
386,6
387,8
388,8
389,9
390,8
391,8
392,6
393,7
394,9
395,10
396,8
397,6
398,5
399,3
400,1
401,1
402,0
403,1
404,1
405,1
406,0
407,0
408,1
409,0
410,0
411,1
412,1
413,2
414,1
415,3
416,4
417,3
418,1
419,-1
420,-2
421,-1
422,1
423,2
424,4
425,5
426,4
427,6
428,5
429,5
430,7
431,8
432,10
433,10
434,9
435,10
436,12
437,10
438,11
439,12
440,11
441,9
442,10
443,8
444,6
445,5
446,4
447,5
448,5
449,4
450,2
451,3
452,2
453,0
454,-1
455,-1
456,-3
457,-5
458,-5
459,-6
460,-4
461,-3
462,-3
463,-4
464,-5
465,-4
466,-5
467,-5
468,-4
469,-2
470,-2
471,-3
472,-3
473,-5
474,-4
475,-4
476,-5
477,-3
478,-2
479,-4
480,-4
481,-3
482,-5
483,-6
484,-5
485,-3
486,-2
487,0
488,-1
489,-3
490,-3
491,-5
492,-6
493,-7
494,-6
495,-4
496,-4
497,-6
498,-7
499,-7
500,-8
501,-6
502,-7
503,-6
504,-7
505,-5
506,-4
507,-6
508,-4
509,-5
510,-7
511,-6
512,-4
513,-3
514,-1
515,-3
516,-3
517,-2
518,-3
519,-2
520,-4
521,-6
522,-8
523,-9
524,-9
525,-7
526,-9
527,-7
528,-8
529,-6
530,-7
531,-7
532,-9
533,-9
534,-10
535,-11
536,-11
537,-12
538,-13
539,-12
540,-12
541,-10
542,-11
543,-10
544,-10
545,-9
546,-8
547,-9
548,-10
549,-8
550,-6
551,-7
552,-7
553,-5
554,-7
555,-5
556,-7
557,-7
558,-9
559,-10
560,-11
561,-12
562,-10
563,-11
564,-12
565,-12
566,-14
567,-16
568,-15
569,-14
570,-13
571,-13
572,-13
573,-14
574,-16
575,-17
576,-18
577,-19
578,-19
579,-19
580,-19
581,-18
582,-19
583,-17
584,-19
585,-18
586,-17
587,-17
588,-19
589,-21
590,-19
591,-17
592,-17
593,-19
594,-21
595,-23
596,-21
597,-23
598,-25
599,-23
600,-21
601,-23
602,-24
603,-23
604,-22
605,-21
606,-21
607,-23
608,-21
609,-22
610,-20
611,-18
612,-20
613,-20
614,-19
615,-19
616,-21
617,-19
618,-17
619,-16
620,-14
621,-16
622,-16
623,-15
624,-17
625,-15
626,-14
627,-12
628,-12
629,-11
630,-10
631,-9
632,-8
633,-9
634,-10
635,-10
636,-10
637,-12
638,-10
639,-11
640,-11
641,-10
642,-10
643,-8
644,-9
645,-10
646,-11
647,-10
648,-10
649,-10
650,-11
651,-12
652,-14
653,-16
654,-16
655,-18
656,-20
657,-22
658,-22
659,-22
660,-23
661,-23
662,-25
663,-26
664,-27
665,-26
666,-28
667,-27
668,-25
669,-23
670,-21
671,-20
672,-19
673,-17
674,-17
675,-18
676,-20
677,-22
678,-20
679,-18
680,-16
681,-15
682,-15
683,-13
684,-12
685,-10
686,-10
687,-12
688,-14
689,-12
690,-12
691,-11
692,-10
693,-8
694,-6
695,-4
696,-6
697,-8
698,-8
699,-9
700,-7
701,-5
702,-3
703,-1
704,0
705,-1
706,-3
707,-5
708,-4
709,-4
710,-2
711,-2
712,-4
713,-5
714,-5
715,-7
716,-6
717,-4
718,-5
719,-4
720,-6
721,-8
722,-9
723,-11
724,-13
725,-13
726,-15
727,-15
728,-15
729,-13
730,-12
731,-12
732,-11
733,-11
734,-12
735,-11
736,-13
737,-11
738,-10
739,-12
740,-13
741,-11
742,-11
743,-12
744,-11
745,-12
746,-11
747,-12
748,-12
749,-10
750,-11
751,-9
752,-11
753,-9
754,-11
755,-11
756,-12
757,-12
758,-10
759,-8
760,-9
761,-7
762,-8
763,-10
764,-11
765,-9
766,-11
767,-10
768,-9
769,-7
770,-6
771,-7
772,-9
773,-9
774,-7
775,-6
776,-4
777,-3
778,-4
779,-5
780,-5
781,-5
782,-6
783,-6
784,-7
785,-6
786,-4
787,-3
788,-5
789,-7
790,-5
791,-6
792,-4
793,-4
794,-3
795,-3
796,-4
797,-5
798,-5
799,-5
800,-5
801,-7
802,-6
803,-6
804,-5
805,-4
806,-3
807,-1
808,-2
809,0
810,0
811,1
812,1
813,-1
814,0
815,-2
816,-1
817,1
818,-1
819,0
820,0
821,2
822,2
823,1
824,0
825,0
826,-1
827,-3
828,-2
829,-1
830,-1
831,-3
832,-1
833,-1
834,-3
835,-1
836,-3
837,-2
838,-1
839,0
840,0
841,0
842,2
843,4
844,5
845,7
846,7
847,6
848,7
849,7
850,7
851,7
852,9
853,8
854,10
855,8
856,6
857,4
858,4
859,6
860,7
861,6
862,5
863,7
864,9
865,8
866,6
867,5
868,7
869,8
870,8
871,8
872,9
873,8
874,9
875,8
876,6
877,6
878,8
879,6
880,4
881,3
882,4
883,6
884,8
885,10
886,9
887,7
888,6
889,5
890,7
891,9
892,9
893,9
894,8
895,9
896,11
897,10
898,10
899,11
900,11
901,13
902,13
903,11
904,9
905,10
906,9
907,9
908,7
909,5
910,5
911,5
912,7
913,7
914,8
915,9
916,8
917,6
918,4
919,4
920,3
921,5
922,7
923,5
924,7
925,7
926,9
927,10
928,11
929,10
930,11
931,9
932,9
933,10
934,8
935,8
936,9
937,10
938,9
939,7
940,6
941,4
942,5
943,3
944,4
945,3
946,1
947,0
948,1
949,0
950,-1
951,-2
952,-2
953,-2
954,-2
955,-3
956,-1
957,0
958,-1
959,-1
960,-2
961,-4
962,-6
963,-5
964,-7
965,-7
966,-9
967,-8
968,-9
969,-10
970,-9
971,-9
972,-8
973,-7
974,-5
975,-6
976,-6
977,-7
978,-9
979,-11
980,-9
981,-10
982,-10
983,-10
984,-12
985,-13
986,-15
987,-13
988,-11
989,-9
990,-8
991,-8
992,-6
993,-5
994,-7
995,-8
996,-9
997,-9
998,-10
999,-8
1000,-10
1001,-8
1002,-7
1003,-6
1004,-8
1005,-8
1006,-10
1007,-10
1008,-12
1009,-12
1010,-10
1011,-12
1012,-11
1013,-10
1014,-8
1015,-10
1016,-8
1017,-9
1018,-7
1019,-9
1020,-11
1021,-9
1022,-9
1023,-10
1024,-9
1025,-7
1026,-7
1027,-8
1028,-9
1029,-8
1030,-10
1031,-11
1032,-13
1033,-15
1034,-17
1035,-19
1036,-17
1037,-17
1038,-15
1039,-13
1040,-11
1041,-10
1042,-8
1043,-6
1044,-4
1045,-6
1046,-4
1047,-6
1048,-6
1049,-8
1050,-7
1051,-7
1052,-5
1053,-7
1054,-5
1055,-3
1056,-3
1057,-4
1058,-4
1059,-3
1060,-3
1061,-1
1062,-3
1063,-3
1064,-1
1065,-3
1066,-1
1067,0
1068,2
1069,3
1070,1
1071,2
1072,3
1073,2
1074,2
1075,4
1076,4
1077,3
1078,1
1079,3
1080,4
1081,5
1082,6
1083,6
1084,4
1085,4
1086,6
1087,6
1088,5
1089,6
1090,5
1091,3
1092,4
1093,5
1094,5
1095,7
1096,5
1097,6
1098,7
1099,9
1100,10
1101,8
1102,8
1103,9
1104,8
1105,10
1106,11
1107,12
1108,12
1109,13
1110,15
1111,15
1112,16
1113,17
1114,16
1115,17
1116,17
1117,15
1118,16
1119,14
1120,16
1121,15
1122,13
1123,15
1124,17
1125,19
1126,20
1127,19
1128,19
1129,20
1130,18
1131,16
1132,17
1133,17
1134,16
1135,14
1136,15
1137,17
1138,15
1139,15
1140,17
1141,17
1142,19
1143,19
1144,17
1145,15
1146,15
1147,17
1148,18
1149,18
1150,16
1151,18
1152,19
1153,19
1154,20
1155,22
1156,22
1157,23
1158,21
1159,20
1160,20
1161,18
1162,20
1163,20
1164,22
1165,20
1166,20
1167,22
1168,24
1169,22
1170,21
1171,22
1172,22
1173,22
1174,22
1175,24
1176,22
1177,21
1178,22
1179,23
1180,25
1181,23
1182,23
1183,23
1184,24
1185,24
1186,24
1187,24
1188,22
1189,24
1190,25
1191,27
1192,25
1193,25
1194,27
1195,26
1196,26
1197,25
1198,24
1199,25
1200,26
1201,26
1202,27
1203,25
1204,25
1205,25
1206,27
1207,27
1208,29
1209,27
1210,25
1211,26
1212,26
1213,28
1214,28
1215,28
1216,29
1217,31
1218,33
1219,31
1220,30
1221,28
1222,28
1223,27
1224,29
1225,28
1226,28
1227,30
1228,32
1229,33
1230,33
1231,34
1232,35
1233,36
1234,34
1235,34
1236,32
1237,30
1238,32
1239,34
1240,34
1241,33
1242,33
1243,32
1244,30
1245,28
1246,30
1247,28
1248,27
1249,25
1250,23
1251,23
1252,23
1253,23
1254,21
1255,21
1256,22
1257,20
1258,19
1259,20
1260,18
1261,16
1262,15
1263,13
1264,11
1265,10
1266,10
1267,9
1268,10
1269,9
1270,7
1271,7
1272,7
1273,5
1274,7
1275,9
1276,9
1277,7
1278,9
1279,7
1280,7
1281,7
1282,8
1283,6
1284,8
1285,6
1286,8
1287,6
1288,4
1289,4
1290,5
1291,6
1292,8
1293,7
1294,8
1295,6
1296,8
1297,7
1298,6
1299,4
1300,6
1301,7
1302,7
1303,9
1304,10
1305,11
1306,9
1307,9
1308,7
1309,5
1310,6
1311,7
1312,7
1313,8
1314,6
1315,7
1316,8
1317,7
1318,8
1319,7
1320,8
1321,7
1322,9
1323,11
1324,13
1325,15
1326,17
1327,19
1328,19
1329,19
1330,21
1331,23
1332,22
1333,23
1334,24
1335,23
1336,25
1337,26
1338,28
1339,30
1340,28
1341,28
1342,30
1343,32
1344,32
1345,31
1346,32
1347,30
1348,30
1349,29
1350,30
1351,30
1352,28
1353,30
1354,30
1355,29
1356,31
1357,32
1358,30
1359,31
1360,30
1361,29
1362,29
1363,31
1364,31
1365,29
1366,27
1367,26
1368,25
1369,24
1370,24
1371,23
1372,21
1373,21
1374,20
1375,20
1376,18
1377,17
1378,18
1379,16
1380,16
1381,17
1382,17
1383,19
1384,20
1385,19
1386,18
1387,20
1388,20
1389,21
1390,21
1391,22
1392,20
1393,18
1394,18
1395,20
1396,20
1397,22
1398,20
1399,21
1400,20
1401,20
1402,20
1403,19
1404,18
1405,16
1406,18
1407,18
1408,17
1409,19
1410,19
1411,17
1412,19
1413,18
1414,16
1415,16
1416,14
1417,15
1418,14
1419,16
1420,15
1421,14
1422,14
1423,15
1424,14
1425,13
1426,13
1427,11
1428,9
1429,11
1430,10
1431,11
1432,11
1433,12
1434,10
1435,8
1436,9
1437,8
1438,8
1439,7
1440,7
1441,6
1442,5
1443,4
1444,2
1445,1
1446,0
1447,0
1448,-1
1449,1
1450,0
1451,-2
1452,-4
1453,-6
1454,-5
1455,-4
1456,-5
1457,-4
1458,-2
1459,-1
1460,1
1461,-1
1462,-1
1463,-2
1464,-4
1465,-2
1466,-2
1467,-4
1468,-4
1469,-5
1470,-6
1471,-4
1472,-6
1473,-6
1474,-6
1475,-6
1476,-7
1477,-6
1478,-4
1479,-4
1480,-3
1481,-3
1482,-3
1483,-5
1484,-5
1485,-4
1486,-2
1487,-1
1488,0
1489,1
1490,2
1491,2
1492,0
1493,0
1494,-1
1495,-3
1496,-2
1497,-4
1498,-6
1499,-8
1500,-9
1501,-10
1502,-11
1503,-10
1504,-9
1505,-10
1506,-12
1507,-13
1508,-14
1509,-15
1510,-13
1511,-11
1512,-10
1513,-9
1514,-9
1515,-11
1516,-12
1517,-13
1518,-15
1519,-13
1520,-11
1521,-12
1522,-10
1523,-8
1524,-7
1525,-9
1526,-10
1527,-10
1528,-12
1529,-13
1530,-11
1531,-10
1532,-10
1533,-11
1534,-9
1535,-9
1536,-7
1537,-5
1538,-3
1539,-5
1540,-4
1541,-6
1542,-6
1543,-7
1544,-6
1545,-4
1546,-2
1547,-2
1548,-4
1549,-5
1550,-4
1551,-5
1552,-5
1553,-5
1554,-7
1555,-6
1556,-6
1557,-7
1558,-7
1559,-5
1560,-3
1561,-4
1562,-3
1563,-2
1564,0
1565,0
1566,0
1567,1
1568,2
1569,1
1570,3
1571,4
1572,5
1573,6
1574,6
1575,8
1576,8
1577,7
1578,6
1579,6
1580,8
1581,10
1582,11
1583,13
1584,13
1585,11
1586,11
1587,10
1588,11
1589,10
1590,9
1591,9
1592,11
1593,10
1594,8
1595,10
1596,8
1597,8
1598,10
1599,8
1600,7
1601,5
1602,7
1603,6
1604,7
1605,6
1606,4
1607,2
1608,4
1609,3
1610,5
1611,6
1612,7
1613,7
1614,7
1615,7
1616,9
1617,8
1618,9
1619,9
1620,11
1621,10
1622,12
1623,14
1624,14
1625,13
1626,11
1627,13
1628,12
1629,14
1630,12
1631,12
1632,12
1633,11
1634,9
1635,7
1636,7
1637,6
1638,7
1639,6
1640,8
1641,8
1642,7
1643,7
1644,7
1645,6
1646,8
1647,7
1648,9
1649,10
1650,9
1651,11
1652,10
1653,8
1654,9
1655,8
1656,10
1657,11
1658,9
1659,7
1660,9
1661,9
1662,11
1663,10
1664,11
1665,13
1666,15
1667,13
1668,11
1669,11
1670,12
1671,10
1672,9
1673,9
1674,9
1675,7
1676,5
1677,7
1678,9
1679,11
1680,13
1681,11
1682,12
1683,10
1684,8
1685,9
1686,8
1687,10
1688,9
1689,11
1690,10
1691,11
1692,10
1693,8
1694,10
1695,8
1696,6
1697,4
1698,4
1699,4
1700,4
1701,5
1702,5
1703,4
1704,2
1705,2
1706,1
1707,1
1708,0
1709,0
1710,-1
1711,-3
1712,-3
1713,-3
1714,-3
1715,-5
1716,-7
1717,-5
1718,-6
1719,-4
1720,-3
1721,-2
1722,-2
1723,0
1724,1
1725,2
1726,1
1727,-1
1728,1
1729,3
1730,4
1731,5
1732,7
1733,7
1734,6
1735,5
1736,4
1737,2
1738,3
1739,5
1740,5
1741,7
1742,6
1743,4
1744,5
1745,7
1746,5
1747,7
1748,5
1749,4
1750,2
1751,3
1752,5
1753,7
1754,9
1755,7
1756,9
1757,10
1758,8
1759,9
1760,11
1761,9
1762,11
1763,12
1764,13
1765,11
1766,13
1767,15
1768,13
1769,15
1770,14
1771,12
1772,13
1773,13
1774,11
1775,11
1776,10
1777,10
1778,11
1779,10
1780,11
1781,9
1782,8
1783,6
1784,5
1785,6
1786,6
1787,4
1788,3
1789,5
1790,4
1791,2
1792,0
1793,0
1794,-2
1795,-4
1796,-4
1797,-5
1798,-6
1799,-8
1800,-10
1801,-10
1802,-10
1803,-9
1804,-11
1805,-11
1806,-11
1807,-10
1808,-8
1809,-8
1810,-10
1811,-8
1812,-6
1813,-7
1814,-8
1815,-10
1816,-11
1817,-10
1818,-9
1819,-9
1820,-11
1821,-12
1822,-10
1823,-12
1824,-11
1825,-9
1826,-9
1827,-9
1828,-11
1829,-10
1830,-8
1831,-10
1832,-9
1833,-10
1834,-11
1835,-10
1836,-12
1837,-14
1838,-13
1839,-14
1840,-16
1841,-15
1842,-14
1843,-15
1844,-15
1845,-13
1846,-11
1847,-10
1848,-12
1849,-12
1850,-11
1851,-13
1852,-15
1853,-15
1854,-15
1855,-14
1856,-12
1857,-10
1858,-10
1859,-8
1860,-6
1861,-6
1862,-6
1863,-6
1864,-8
1865,-10
1866,-10
1867,-11
1868,-11
1869,-12
1870,-12
1871,-12
1872,-13
1873,-15
1874,-16
1875,-18
1876,-18
1877,-20
1878,-21
1879,-21
1880,-21
1881,-19
1882,-19
1883,-19
1884,-18
1885,-19
1886,-19
1887,-19
1888,-21
1889,-19
1890,-17
1891,-15
1892,-14
1893,-15
1894,-13
1895,-11
1896,-10
1897,-9
1898,-11
1899,-13
1900,-11
1901,-9
1902,-11
1903,-10
1904,-10
1905,-11
1906,-10
1907,-8
1908,-9
1909,-10
1910,-9
1911,-11
1912,-13
1913,-13
1914,-11
1915,-9
1916,-8
1917,-9
1918,-10
1919,-12
1920,-12
1921,-12
1922,-13
1923,-14
1924,-13
1925,-15
1926,-17
1927,-16
1928,-17
1929,-17
1930,-15
1931,-15
1932,-14
1933,-15
1934,-17
1935,-19
1936,-19
1937,-20
1938,-21
1939,-23
1940,-23
1941,-24
1942,-26
1943,-25
1944,-24
1945,-22
1946,-20
1947,-19
1948,-19
1949,-19
1950,-18
1951,-16
1952,-18
1953,-18
1954,-18
1955,-20
1956,-20
1957,-20
1958,-18
1959,-20
1960,-21
1961,-23
1962,-22
1963,-24
1964,-25
1965,-24
1966,-24
1967,-26
1968,-27
1969,-28
1970,-30
1971,-28
1972,-26
1973,-26
1974,-24
1975,-23
1976,-22
1977,-24
1978,-23
1979,-23
1980,-23
1981,-23
1982,-24
1983,-22
1984,-23
1985,-24
1986,-26
1987,-25
1988,-24
1989,-25
1990,-23
1991,-23
1992,-22
1993,-20
1994,-18
1995,-16
1996,-16
1997,-15
1998,-16
1999,-14
2000,-15
2001,-14
2002,-16
2003,-17
2004,-19
2005,-20
2006,-21
2007,-23
2008,-24
2009,-22
2010,-22
2011,-24
2012,-23
2013,-25
2014,-27
2015,-25
2016,-26
2017,-26
2018,-28
2019,-28
2020,-30
2021,-31
2022,-29
2023,-28
2024,-30
2025,-32
2026,-30
2027,-28
2028,-27
2029,-29
2030,-31
2031,-31
2032,-33
2033,-35
2034,-34
2035,-36
2036,-37
2037,-35
2038,-35
2039,-35
2040,-34
2041,-32
2042,-31
2043,-31
2044,-32
2045,-34
2046,-33
2047,-35
2048,-35
2049,-34
2050,-34
2051,-32
2052,-30
2053,-29
2054,-29
2055,-27
2056,-26
2057,-27
2058,-28
2059,-27
2060,-26
2061,-27
2062,-29
2063,-28
2064,-28
2065,-30
2066,-32
2067,-34
2068,-32
2069,-32
2070,-34
2071,-33
2072,-32
2073,-34
2074,-34
2075,-35
2076,-37
2077,-39
2078,-40
2079,-38
2080,-39
2081,-38
2082,-37
2083,-39
2084,-38
2085,-40
2086,-40
2087,-39
2088,-38
2089,-37
2090,-37
2091,-38
2092,-36
2093,-34
2094,-35
2095,-34
2096,-36
2097,-37
2098,-35
2099,-36
2100,-38
2101,-39
2102,-37
2103,-36
2104,-37
2105,-36
2106,-34
2107,-35
2108,-36
2109,-35
2110,-35
2111,-35
2112,-36
2113,-38
2114,-36
2115,-38
2116,-38
2117,-37
2118,-36
2119,-36
2120,-35
2121,-35
2122,-37
2123,-39
2124,-37
2125,-38
2126,-37
2127,-38
2128,-36
2129,-34
2130,-34
2131,-32
2132,-34
2133,-32
2134,-30
2135,-29
2136,-29
2137,-31
2138,-29
2139,-31
2140,-30
2141,-29
2142,-27
2143,-29
2144,-31
2145,-29
2146,-29
2147,-29
2148,-27
2149,-27
2150,-28
2151,-27
2152,-29
2153,-30
2154,-32
2155,-33
2156,-31
2157,-33
2158,-33
2159,-32
2160,-34
2161,-35
2162,-35
2163,-35
2164,-37
2165,-38
2166,-39
2167,-41
2168,-41
2169,-41
2170,-43
2171,-45
2172,-44
2173,-46
2174,-46
2175,-45
2176,-46
2177,-44
2178,-43
2179,-45
2180,-43
2181,-41
2182,-43
2183,-44
2184,-43
2185,-45
2186,-45
2187,-45
2188,-46
2189,-47
2190,-48
2191,-47
2192,-47
2193,-46
2194,-46
2195,-45
2196,-45
2197,-44
2198,-43
2199,-44
2200,-43
2201,-45
2202,-46
2203,-47
2204,-47
2205,-48
2206,-46
2207,-45
2208,-45
2209,-43
2210,-44
2211,-45
2212,-43
2213,-44
2214,-44
2215,-44
2216,-44
2217,-45
2218,-43
2219,-45
2220,-45
2221,-45
2222,-44
2223,-44
2224,-43
2225,-45
2226,-47
2227,-49
2228,-50
2229,-52
2230,-53
2231,-54
2232,-54
2233,-52
2234,-50
2235,-52
2236,-52
2237,-54
2238,-53
2239,-55
2240,-57
2241,-58
2242,-57
2243,-58
2244,-57
2245,-56
2246,-55
2247,-55
2248,-56
2249,-54
2250,-54
2251,-52
2252,-50
2253,-50
2254,-49
2255,-49
2256,-49
2257,-51
2258,-51
2259,-53
2260,-53
2261,-55
2262,-54
2263,-52
2264,-53
2265,-53
2266,-51
2267,-49
2268,-48
2269,-50
2270,-51
2271,-53
2272,-54
2273,-55
2274,-56
2275,-57
2276,-55
2277,-53
2278,-52
2279,-53
2280,-55
2281,-55
2282,-55
2283,-53
2284,-51
2285,-53
2286,-52
2287,-50
2288,-50
2289,-50
2290,-48
2291,-46
2292,-46
2293,-48
2294,-47
2295,-48
2296,-48
2297,-50
2298,-50
2299,-50
2300,-50
2301,-49
2302,-49
2303,-51
2304,-52
2305,-51
2306,-51
2307,-52
2308,-50
2309,-50
2310,-48
2311,-50
2312,-52
2313,-51
2314,-52
2315,-53
2316,-55
2317,-57
2318,-59
2319,-59
2320,-57
2321,-57
2322,-58
2323,-58
2324,-58
2325,-56
2326,-58
2327,-56
2328,-57
2329,-57
2330,-55
2331,-54
2332,-54
2333,-55
2334,-56
2335,-55
2336,-57
2337,-59
2338,-57
2339,-55
2340,-55
2341,-57
2342,-58
2343,-56
2344,-55
2345,-57
2346,-58
2347,-57
2348,-57
2349,-58
2350,-60
2351,-61
2352,-63
2353,-62
2354,-64
2355,-64
2356,-63
2357,-65
2358,-63
2359,-64
2360,-64
2361,-63
2362,-63
2363,-64
2364,-62
2365,-61
2366,-63
2367,-64
2368,-63
2369,-64
2370,-65
2371,-65
2372,-65
2373,-63
2374,-63
2375,-63
2376,-64
2377,-66
2378,-65
2379,-67
2380,-66
2381,-65
2382,-65
2383,-63
2384,-63
2385,-61
2386,-62
2387,-62
2388,-62
2389,-64
2390,-63
2391,-61
2392,-60
2393,-60
2394,-61
2395,-63
2396,-65
2397,-64
2398,-65
2399,-67
2400,-65
2401,-63
2402,-62
2403,-61
2404,-62
2405,-62
2406,-63
2407,-63
2408,-63
2409,-61
2410,-60
2411,-62
2412,-60
2413,-60
2414,-58
2415,-57
2416,-56
2417,-55
2418,-55
2419,-57
2420,-59
2421,-58
2422,-58
2423,-59
2424,-61
2425,-63
2426,-64
2427,-65
2428,-64
2429,-62
2430,-63
2431,-63
2432,-61
2433,-62
2434,-63
2435,-65
2436,-64
2437,-62
2438,-60
2439,-60
2440,-59
2441,-57
2442,-56
2443,-56
2444,-55
2445,-53
2446,-52
2447,-52
2448,-50
2449,-52
2450,-52
2451,-54
2452,-53
2453,-54
2454,-55
2455,-53
2456,-54
2457,-52
2458,-54
2459,-52
2460,-51
2461,-50
2462,-48
2463,-48
2464,-50
2465,-50
2466,-48
2467,-50
2468,-51
2469,-49
2470,-48
2471,-46
2472,-48
2473,-47
2474,-46
2475,-44
2476,-42
2477,-41
2478,-40
2479,-38
2480,-36
2481,-38
2482,-39
2483,-39
2484,-39
2485,-39
2486,-38
2487,-40
2488,-39
2489,-38
2490,-40
2491,-41
2492,-39
2493,-40
2494,-38
2495,-39
2496,-38
2497,-40
2498,-41
2499,-39
2500,-40
2501,-38
2502,-40
2503,-40
2504,-40
2505,-42
2506,-43
2507,-43
2508,-41
2509,-42
2510,-41
2511,-40
2512,-41
2513,-39
2514,-39
2515,-41
2516,-40
2517,-41
2518,-40
2519,-41
2520,-42
2521,-44
2522,-44
2523,-44
2524,-45
2525,-44
2526,-43
2527,-41
2528,-39
2529,-41
2530,-43
2531,-45
2532,-43
2533,-43
2534,-41
2535,-39
2536,-37
2537,-37
2538,-36
2539,-35
2540,-34
2541,-35
2542,-34
2543,-34
2544,-36
2545,-35
2546,-33
2547,-32
2548,-33
2549,-33
2550,-31
2551,-31
2552,-31
2553,-30
2554,-32
2555,-34
2556,-34
2557,-36
2558,-37
2559,-36
2560,-38
2561,-39
2562,-41
2563,-41
2564,-43
2565,-45
2566,-46
2567,-48
2568,-46
2569,-47
2570,-49
2571,-48
2572,-48
2573,-49
2574,-51
2575,-49
2576,-47
2577,-48
2578,-46
2579,-48
2580,-46
2581,-48
2582,-46
2583,-45
2584,-44
2585,-45
2586,-43
2587,-43
2588,-43
2589,-45
2590,-47
2591,-47
2592,-45
2593,-44
2594,-45
2595,-46
2596,-48
2597,-46
2598,-47
2599,-45
2600,-47
2601,-45
2602,-45
2603,-43
2604,-45
2605,-43
2606,-42
2607,-40
2608,-41
2609,-39
2610,-40
2611,-40
2612,-38
2613,-40
2614,-40
2615,-42
2616,-40
2617,-41
2618,-41
2619,-42
2620,-40
2621,-42
2622,-44
2623,-46
2624,-45
2625,-45
2626,-46
2627,-45
2628,-44
2629,-46
2630,-44
2631,-42
2632,-40
2633,-40
2634,-39
2635,-37
2636,-36
2637,-36
2638,-38
2639,-39
2640,-38
2641,-39
2642,-38
2643,-37
2644,-36
2645,-35
2646,-34
2647,-34
2648,-35
2649,-35
2650,-37
2651,-39
2652,-37
2653,-36
2654,-38
2655,-36
2656,-36
2657,-34
2658,-32
2659,-34
2660,-32
2661,-30
2662,-28
2663,-27
2664,-26
2665,-25
2666,-23
2667,-24
2668,-24
2669,-22
2670,-21
2671,-21
2672,-21
2673,-20
2674,-22
2675,-22
2676,-23
2677,-25
2678,-25
2679,-24
2680,-26
2681,-26
2682,-28
2683,-26
2684,-26
2685,-27
2686,-25
2687,-23
2688,-23
2689,-25
2690,-27
2691,-28
2692,-26
2693,-27
2694,-25
2695,-25
2696,-26
2697,-28
2698,-26
2699,-25
2700,-23
2701,-21
2702,-22
2703,-23
2704,-23
2705,-22
2706,-21
2707,-22
2708,-23
2709,-25
2710,-23
2711,-24
2712,-26
2713,-24
2714,-26
2715,-26
2716,-26
2717,-27
2718,-25
2719,-23
2720,-23
2721,-21
2722,-23
2723,-22
2724,-24
2725,-25
2726,-26
2727,-26
2728,-27
2729,-27
2730,-27
2731,-27
2732,-26
2733,-28
2734,-27
2735,-29
2736,-30
2737,-28
2738,-29
2739,-29
2740,-30
2741,-30
2742,-29
2743,-28
2744,-28
2745,-30
2746,-31
2747,-29
2748,-27
2749,-29
2750,-30
2751,-31
2752,-32
2753,-33
2754,-31
2755,-30
2756,-32
2757,-32
2758,-34
2759,-35
2760,-36
2761,-38
2762,-36
2763,-34
2764,-34
2765,-32
2766,-32
2767,-31
2768,-33
2769,-35
2770,-35
2771,-35
2772,-34
2773,-36
2774,-38
2775,-38
2776,-37
2777,-36
2778,-37
2779,-37
2780,-39
2781,-37
2782,-36
2783,-35
2784,-36
2785,-34
2786,-34
2787,-35
2788,-33
2789,-31
2790,-29
2791,-29
2792,-27
2793,-29
2794,-27
2795,-25
2796,-27
2797,-28
2798,-28
2799,-30
2800,-31
2801,-33
2802,-31
2803,-32
2804,-32
2805,-32
2806,-31
2807,-33
2808,-33
2809,-33
2810,-33
2811,-32
2812,-33
2813,-33
2814,-32
2815,-30
2816,-28
2817,-30
2818,-30
2819,-32
2820,-34
2821,-34
2822,-34
2823,-35
2824,-35
2825,-34
2826,-36
2827,-34
2828,-32
2829,-31
2830,-31
2831,-30
2832,-32
2833,-31
2834,-29
2835,-27
2836,-29
2837,-31
2838,-33
2839,-32
2840,-32
2841,-30
2842,-29
2843,-31
2844,-29
2845,-30
2846,-32
2847,-34
2848,-32
2849,-32
2850,-32
2851,-30
2852,-31
2853,-32
2854,-34
2855,-35
2856,-37
2857,-38
2858,-40
2859,-38
2860,-39
2861,-37
2862,-35
2863,-34
2864,-33
2865,-34
2866,-34
2867,-33
2868,-34
2869,-32
2870,-31
2871,-33
2872,-34
2873,-33
2874,-35
2875,-35
2876,-35
2877,-37
2878,-37
2879,-38
2880,-37
2881,-35
2882,-35
2883,-36
2884,-38
2885,-36
2886,-36
2887,-36
2888,-36
2889,-35
2890,-35
2891,-34
2892,-32
2893,-33
2894,-32
2895,-32
2896,-32
2897,-33
2898,-34
2899,-36
2900,-36
2901,-37
2902,-39
2903,-38
2904,-38
2905,-39
2906,-41
2907,-39
2908,-40
2909,-38
2910,-38
2911,-39
2912,-38
2913,-36
2914,-38
2915,-39
2916,-41
2917,-41
2918,-40
2919,-39
2920,-39
2921,-39
2922,-38
2923,-38
2924,-39
2925,-39
2926,-37
2927,-39
2928,-41
2929,-41
2930,-42
2931,-42
2932,-43
2933,-42
2934,-43
2935,-42
2936,-40
2937,-39
2938,-39
2939,-38
2940,-37
2941,-38
2942,-39
2943,-38
2944,-38
2945,-39
2946,-37
2947,-37
2948,-38
2949,-40
2950,-42
2951,-41
2952,-39
2953,-37
2954,-39
2955,-39
2956,-38
2957,-38
2958,-37
2959,-36
2960,-34
2961,-35
2962,-37
2963,-39
2964,-37
2965,-36
2966,-38
2967,-39
2968,-39
2969,-39
2970,-40
2971,-42
2972,-44
2973,-42
2974,-41
2975,-41
2976,-42
2977,-44
2978,-46
2979,-44
2980,-44
2981,-44
2982,-44
2983,-45
2984,-44
2985,-46
2986,-47
2987,-48
2988,-46
2989,-44
2990,-42
2991,-44
2992,-44
2993,-44
2994,-43
2995,-42
2996,-44
2997,-43
2998,-44
2999,-44
3000,-43
3001,-43
3002,-41
3003,-40
3004,-40
3005,-39
3006,-40
3007,-42
3008,-44
3009,-43
3010,-41
3011,-41
3012,-43
3013,-42
3014,-44
3015,-42
3016,-44
3017,-45
3018,-47
3019,-45
3020,-45
3021,-45
3022,-47
3023,-48
3024,-46
3025,-45
3026,-47
3027,-48
3028,-47
3029,-48
3030,-49
3031,-50
3032,-51
3033,-53
3034,-55
3035,-57
3036,-59
3037,-58
3038,-60
3039,-62
3040,-63
3041,-64
3042,-62
3043,-63
3044,-64
3045,-64
3046,-64
3047,-64
3048,-66
3049,-68
3050,-67
3051,-66
3052,-66
3053,-65
3054,-66
3055,-65
3056,-64
3057,-65
3058,-66
3059,-64
3060,-66
3061,-66
3062,-68
3063,-67
3064,-66
3065,-66
3066,-65
3067,-67
3068,-69
3069,-71
3070,-70
3071,-71
3072,-72
3073,-70
3074,-72
3075,-72
3076,-73
3077,-71
3078,-72
3079,-72
3080,-70
3081,-72
3082,-72
3083,-71
3084,-73
3085,-72
3086,-71
3087,-69
3088,-69
3089,-71
3090,-73
3091,-71
3092,-71
3093,-73
3094,-73
3095,-73
3096,-72
3097,-72
3098,-74
3099,-76
3100,-76
3101,-75
3102,-73
3103,-75
3104,-75
3105,-73
3106,-73
3107,-71
3108,-73
3109,-71
3110,-70
3111,-72
3112,-73
3113,-75
3114,-74
3115,-75
3116,-77
3117,-77
3118,-77
3119,-77
3120,-75
3121,-75
3122,-76
3123,-77
3124,-76
3125,-78
3126,-79
3127,-78
3128,-78
3129,-79
3130,-78
3131,-79
3132,-77
3133,-75
3134,-76
3135,-75
3136,-74
3137,-72
3138,-70
3139,-71
3140,-73
3141,-73
3142,-74
3143,-75
3144,-73
3145,-74
3146,-72
3147,-74
3148,-76
3149,-76
3150,-74
3151,-72
3152,-70
3153,-69
3154,-68
3155,-66
3156,-65
3157,-63
3158,-61
3159,-60
3160,-62
3161,-64
3162,-62
3163,-63
3164,-61
3165,-62
3166,-60
3167,-62
3168,-62
3169,-63
3170,-64
3171,-62
3172,-61
3173,-61
3174,-61
3175,-63
3176,-65
3177,-66
3178,-66
3179,-67
3180,-66
3181,-67
3182,-67
3183,-69
3184,-70
3185,-72
3186,-70
3187,-72
3188,-73
3189,-74
3190,-76
3191,-77
3192,-78
3193,-79
3194,-77
3195,-79
3196,-79
3197,-80
3198,-82
3199,-83
3200,-83
3201,-84
3202,-86
3203,-86
3204,-88
3205,-86
3206,-86
3207,-87
3208,-86
3209,-84
3210,-82
3211,-81
3212,-80
3213,-79
3214,-78
3215,-76
3216,-74
3217,-76
3218,-77
3219,-79
3220,-80
3221,-79
3222,-77
3223,-77
3224,-79
3225,-81
3226,-79
3227,-79
3228,-80
3229,-82
3230,-83
3231,-85
3232,-84
3233,-83
3234,-82
3235,-83
3236,-82
3237,-82
3238,-80
3239,-81
3240,-79
3241,-78
3242,-76
3243,-76
3244,-77
3245,-79
3246,-78
3247,-78
3248,-80
3249,-80
3250,-82
3251,-81
3252,-83
3253,-84
3254,-84
3255,-86
3256,-87
3257,-88
3258,-90
3259,-92
3260,-93
3261,-94
3262,-96
3263,-96
3264,-97
3265,-99
3266,-98
3267,-96
3268,-95
3269,-95
3270,-95
3271,-95
3272,-95
3273,-93
3274,-94
3275,-96
3276,-94
3277,-95
3278,-94
3279,-95
3280,-94
3281,-96
3282,-94
3283,-92
3284,-93
3285,-94
3286,-95
3287,-93
3288,-91
3289,-90
3290,-88
3291,-87
3292,-88
3293,-88
3294,-90
3295,-89
3296,-89
3297,-88
3298,-86
3299,-86
3300,-86
3301,-86
3302,-84
3303,-82
3304,-81
3305,-81
3306,-79
3307,-79
3308,-77
3309,-75
3310,-77
3311,-77
3312,-75
3313,-76
3314,-75
3315,-77
3316,-75
3317,-75
3318,-75
3319,-74
3320,-76
3321,-77
3322,-78
3323,-78
3324,-80
3325,-81
3326,-83
3327,-82
3328,-83
3329,-81
3330,-83
3331,-82
3332,-81
3333,-81
3334,-79
3335,-80
3336,-78
3337,-76
3338,-78
3339,-80
3340,-79
3341,-79
3342,-81
3343,-80
3344,-79
3345,-81
3346,-83
3347,-83
3348,-83
3349,-83
3350,-84
3351,-86
3352,-87
3353,-87
3354,-87
3355,-88
3356,-89
3357,-87
3358,-88
3359,-86
3360,-88
3361,-86
3362,-88
3363,-86
3364,-85
3365,-83
3366,-83
3367,-83
3368,-82
3369,-84
3370,-86
3371,-84
3372,-84
3373,-86
3374,-84
3375,-85
3376,-87
3377,-85
3378,-87
3379,-89
3380,-87
3381,-88
3382,-90
3383,-92
3384,-93
3385,-93
3386,-92
3387,-90
3388,-91
3389,-91
3390,-90
3391,-89
3392,-90
3393,-89
3394,-87
3395,-85
3396,-87
3397,-87
3398,-86
3399,-85
3400,-83
3401,-82
3402,-80
3403,-81
3404,-80
3405,-79
3406,-77
3407,-78
3408,-80
3409,-82
3410,-83
3411,-81
3412,-80
3413,-81
3414,-82
3415,-80
3416,-82
3417,-80
3418,-82
3419,-81
3420,-82
3421,-80
3422,-81
3423,-79
3424,-77
3425,-78
3426,-77
3427,-75
3428,-77
3429,-75
3430,-77
3431,-75
3432,-75
3433,-73
3434,-73
3435,-72
3436,-74
3437,-72
3438,-73
3439,-75
3440,-76
3441,-76
3442,-74
3443,-72
3444,-74
3445,-74
3446,-75
3447,-75
3448,-74
3449,-75
3450,-77
3451,-79
3452,-79
3453,-80
3454,-81
3455,-81
3456,-79
3457,-79
3458,-80
3459,-78
3460,-79
3461,-78
3462,-80
3463,-79
3464,-78
3465,-80
3466,-79
3467,-78
3468,-79
3469,-80
3470,-82
3471,-82
3472,-81
3473,-82
3474,-83
3475,-85
3476,-84
3477,-82
3478,-82
3479,-83
3480,-84
3481,-84
3482,-83
3483,-82
3484,-83
3485,-85
3486,-85
3487,-85
3488,-85
3489,-83
3490,-81
3491,-83
3492,-83
3493,-84
3494,-86
3495,-86
3496,-87
3497,-85
3498,-85
3499,-85
3500,-87
3501,-87
3502,-85
3503,-86
3504,-85
3505,-84
3506,-83
3507,-82
3508,-80
3509,-81
3510,-83
3511,-85
3512,-87
3513,-89
3514,-90
3515,-89
3516,-91
3517,-90
3518,-89
3519,-87
3520,-85
3521,-85
3522,-83
3523,-81
3524,-80
3525,-82
3526,-83
3527,-83
3528,-84
3529,-85
3530,-83
3531,-82
3532,-81
3533,-82
3534,-83
3535,-81
3536,-82
3537,-84
3538,-84
3539,-86
3540,-85
3541,-85
3542,-84
3543,-86
3544,-85
3545,-86
3546,-84
3547,-86
3548,-87
3549,-85
3550,-85
3551,-86
3552,-87
3553,-86
3554,-86
3555,-84
3556,-86
3557,-88
3558,-89
3559,-88
3560,-89
3561,-88
3562,-88
3563,-88
3564,-89
3565,-91
3566,-92
3567,-92
3568,-94
3569,-96
3570,-94
3571,-96
3572,-95
3573,-95
3574,-96
3575,-95
3576,-97
3577,-97
3578,-99
3579,-99
3580,-100
3581,-98
3582,-100
3583,-98
3584,-97
3585,-97
3586,-96
3587,-98
3588,-96
3589,-96
3590,-94
3591,-93
3592,-93
3593,-94
3594,-96
3595,-95
3596,-94
3597,-93
3598,-95
3599,-96
3600,-95
3601,-96
3602,-97
3603,-96
3604,-97
3605,-95
3606,-96
3607,-97
3608,-96
3609,-94
3610,-96
3611,-94
3612,-93
3613,-95
3614,-97
3615,-96
3616,-94
3617,-95
3618,-93
3619,-91
3620,-90
3621,-89
3622,-89
3623,-89
3624,-90
3625,-88
3626,-90
3627,-88
3628,-88
3629,-88
3630,-90
3631,-92
3632,-91
3633,-89
3634,-87
3635,-85
3636,-84
3637,-84
3638,-83
3639,-83
3640,-82
3641,-81
3642,-80
3643,-78
3644,-79
3645,-77
3646,-77
3647,-79
3648,-81
3649,-80
3650,-81
